2.882368
1.463326
0.282567
0.185856
0.242483
0.303599
0.364971
0.426531
0.487884
0.549171
0.610257
0.671722
0.733178
0.794624
0.856380
0.918231
0.980218
1.042248
1.104130
1.166022
1.227888
1.289888
1.351973
1.413823
1.475249
1.536601
1.597851
1.659337
1.720998
1.782734
0.041149
0.104450
0.167719
0.230948
0.294156
0.357358
0.420542
0.483750
0.546930
0.610100
0.673268
0.736455
0.799636
0.862809
0.926011
0.989220
1.052431
1.120042
1.341244
2.650326
4.198479
2.776367
1.593387
1.498463
1.557214
1.620334
1.683406
1.746402
0.009310
0.071368
0.133417
0.195454
0.257469
0.319473
0.381445
0.443397
0.505322
0.567253
0.629180
0.691070
0.752985
0.814887
0.876809
0.938778
1.000778
1.062836
1.124938
1.187041
1.249160
1.311281
1.373394
1.435517
1.497604
1.559601
1.621594
1.683603
1.745641
0.009223
0.070705
0.132180
0.193649
0.255115
0.316574
0.378056
0.439548
0.501048
0.562595
0.628528
0.848614
2.160783
3.712924
2.283745
1.094540
0.997424
1.054466
1.115922
1.177350
1.238745
1.300114
1.361496
1.422852
1.484206
1.545555
1.606872
1.668175
1.729503
1.790820
0.055957
0.118128
0.180298
0.242469
0.304639
0.366807
0.428969
0.491122
0.553264
0.615401
0.677539
0.739693
0.801860
0.864048
0.926245
0.988459
1.050681
1.112927
1.175195
1.237479
1.299737
1.361951
1.424154
1.486316
1.548483
1.610655
1.672877
1.735149
0.000000
0.062119
0.128657
0.349892
1.667042
3.225022
1.791246
0.598312
0.501293
0.558956
0.621030
0.683137
0.745228
0.807307
0.869387
0.931454
0.993504
1.055562
1.117644
1.179754
1.241875
1.304022
1.366175
1.428351
1.490520
1.552717
1.614930
1.677095
1.739223
0.003079
0.064665
0.126250
0.187832
0.249410
0.310983
0.372541
0.434092
0.495628
0.557152
0.618667
0.680172
0.741667
0.803151
0.864638
0.926135
0.987624
1.049086
1.110548
1.172019
1.233487
1.294929
1.356373
1.422236
1.643293
2.963881
4.526088
3.086639
1.888840
1.790585
0.052021
0.113150
0.174303
0.235448
0.296584
0.357714
0.418837
0.479954
0.541066
0.602181
0.663314
0.724458
0.785606
0.846755
0.907892
0.969009
1.030135
1.091263
1.152393
1.213514
1.274618
1.335742
1.396872
1.457971
1.519069
1.580149
1.641211
1.702259
1.763294
0.030506
0.091515
0.152515
0.213509
0.274499
0.335484
0.396463
0.457434
0.518404
0.579375
0.640354
0.701332
0.762314
0.823335
0.888798
1.109951
2.434061
4.000554
2.556101
1.354049
1.254948
1.311556
1.372620
1.433698
1.494777
1.555867
1.616955
1.678035
1.739121
0.006102
0.067132
0.128169
0.189217
0.250274
0.311340
0.372416
0.433503
0.494596
0.555699
0.616815
0.677935
0.739061
0.800189
0.861311
0.922435
0.983556
1.044683
1.105806
1.166933
1.228061
1.289193
1.350320
1.411441
1.472548
1.533649
1.594752
1.655845
1.716934
1.778013
0.042697
0.103692
0.164685
0.225676
0.286690
0.352154
0.573754
1.901506
3.472336
2.023443
0.817629
0.717965
0.774442
0.835366
0.896331
0.957303
1.018277
1.079237
1.140189
1.201133
1.262067
1.322995
1.383927
1.444851
1.505764
1.566686
1.627605
1.688534
1.749464
0.015213
0.076063
0.136908
0.197747
0.258582
0.319412
0.380242
0.441069
0.501893
0.562717
0.623533
0.684350
0.745171
0.805992
0.866815
0.927638
0.988461
1.049286
1.110116
1.170958
1.231812
1.292672
1.353547
1.414435
1.475330
1.536245
1.601626
1.823569
3.154663
4.729495
1.481969
0.273347
0.173874
0.230966
0.292527
0.354119
0.415707
0.477303
0.538904
0.600503
0.662101
0.723708
0.785325
0.846943
0.908556
0.970162
1.031767
1.093371
1.154982
1.216598
1.278212
1.339831
1.401447
1.463048
1.524651
1.586256
1.647862
1.709458
1.771040
0.037344
0.099581
0.161815
0.224044
0.286271
0.348495
0.410715
0.472929
0.535138
0.597349
0.659562
0.721775
0.783992
0.846212
0.908431
0.970651
1.032898
1.099614
1.323277
2.658853
4.238783
2.783269
1.572110
1.472876
1.530607
1.592826
1.655097
1.717370
1.779638
0.047242
0.110233
0.173225
0.236220
0.299216
0.362212
0.425211
0.488216
0.551222
0.614227
0.677232
0.740240
0.803249
0.866261
0.929274
0.992280
1.055289
1.118295
1.181299
1.244298
1.307286
1.370271
1.433259
1.496250
1.559226
1.622186
1.685140
1.748081
0.015915
0.079573
0.143228
0.206878
0.270525
0.334170
0.397812
0.461453
0.525094
0.588764
0.656923
0.882393
2.222339
3.807195
2.349606
1.136923
1.038735
1.097857
1.161456
1.225084
1.288711
1.352333
1.415954
1.479573
1.543198
1.606815
1.670433
1.734061
0.003210
0.067415
0.131622
0.195831
0.260040
0.324249
0.388456
0.452660
0.516866
0.581073
0.645281
0.709481
0.773679
0.837879
0.902078
0.966273
1.030465
1.094648
1.158842
1.223032
1.287219
1.351407
1.415600
1.479787
1.543960
1.608125
1.672301
1.736490
0.006501
0.071509
0.136517
0.201557
0.271095
0.498284
1.842300
3.431739
1.972338
0.758362
0.661212
0.721707
0.786697
0.851714
0.916727
0.981740
1.046751
1.111759
1.176767
1.241767
1.306764
1.371763
1.436767
1.501769
1.566772
1.631776
1.696789
1.761800
0.032922
0.098766
0.164609
0.230453
0.296296
0.362140
0.427982
0.493822
0.559662
0.625502
0.691338
0.757172
0.823003
0.888833
0.954665
1.020495
1.086325
1.152154
1.217983
1.283813
1.349641
1.415470
1.481299
1.547123
1.612953
1.678816
1.749187
0.183687
1.531685
3.125573
1.664820
0.449958
0.354045
0.416077
0.482612
0.549177
0.615740
0.682302
0.748863
0.815419
0.881975
0.948535
1.015092
1.081647
1.148201
1.214757
1.281310
1.347860
1.414407
1.480953
1.547494
1.614040
1.680582
1.747124
0.020344
0.088156
0.155968
0.223779
0.291590
0.359401
0.427212
0.495022
0.562830
0.630638
0.698443
0.766249
0.834054
0.901858
0.969665
1.037472
1.105276
1.173073
1.240869
1.308663
1.376453
1.444270
1.516609
1.747171
3.098590
4.696317
3.234202
0.226072
0.132424
0.196991
0.266072
0.335183
0.404293
0.473404
0.542515
0.611630
0.680746
0.749863
0.818984
0.888109
0.957236
1.026366
1.095500
1.164636
1.233770
1.302902
1.372033
1.441164
1.510294
1.579425
1.648553
1.717685
1.786821
0.063431
0.133910
0.204391
0.274875
0.345361
0.415850
0.486340
0.556831
0.627326
0.697824
0.768322
0.838821
0.909320
0.979821
1.050326
1.120832
1.191335
1.261834
1.332363
1.407414
1.640920
2.996961
4.599679
3.137968
1.922933
0.036937
0.104294
0.176172
0.248081
0.319992
0.391905
0.463819
0.535733
0.607646
0.679561
0.751478
0.823397
0.895319
0.967246
1.039175
1.111104
1.183038
1.254977
1.326918
1.398861
1.470805
1.542750
1.614702
1.686664
1.758627
0.036624
0.109874
0.183128
0.256384
0.329645
0.402910
0.476180
0.549451
0.622724
0.695998
0.769273
0.842552
0.915837
0.989127
1.062422
1.135723
1.209033
1.282347
1.355699
1.433584
1.670133
3.030684
4.638244
3.177395
0.167799
0.079253
0.149371
0.224022
0.298708
0.373399
0.448093
0.522790
0.597492
0.672201
0.746914
0.821634
0.896361
0.971100
1.045842
1.120591
1.195343
1.270103
1.344870
1.419642
1.494415
1.569192
1.643977
1.718769
1.793571
0.072045
0.147886
0.223733
0.299586
0.375444
0.451308
0.527178
0.603056
0.678939
0.754826
0.830717
0.906614
0.982515
1.058426
1.134340
1.210257
1.286179
1.362106
1.438038
1.514000
1.594496
1.833832
3.198402
3.011726
1.552699
0.340948
0.254434
0.326757
0.403614
0.480503
0.557396
0.634289
0.711181
0.788078
0.864977
0.941877
1.018781
1.095688
1.172594
1.249503
1.326411
1.403313
1.480219
1.557126
1.634033
1.710947
1.787865
0.066211
0.144107
0.222006
0.299908
0.377812
0.455721
0.533635
0.611552
0.689470
0.767392
0.845319
0.923251
1.001185
1.079123
1.157067
1.235014
1.312964
1.390918
1.468870
1.546826
1.624785
1.702745
1.780744
0.063941
0.306614
1.675538
3.291960
1.833822
0.623182
0.538790
0.613379
0.692505
0.771664
0.850827
0.929998
1.009171
1.088345
1.167522
1.246707
1.325897
1.405091
1.484295
1.563501
1.642711
1.721928
0.000000
0.080408
0.160821
0.241238
0.321659
0.402082
0.482506
0.562930
0.643357
0.723791
0.804229
0.884668
0.965108
1.045553
1.126002
1.206452
1.286900
1.367350
1.447805
1.528266
1.608722
1.689181
1.769640
0.048588
0.129570
0.210557
0.291548
0.372573
0.458139
0.702797
2.074493
3.693857
2.236509
1.026835
0.944200
1.020658
1.101657
1.182691
1.263729
1.344774
1.425830
1.506889
1.587951
1.669019
1.750098
0.028423
0.109635
0.190852
0.272075
0.353304
0.434537
0.515775
0.597019
0.678269
0.759524
0.840783
0.922045
1.003309
1.084575
1.165844
1.247114
1.328387
1.409668
1.490955
1.572249
1.653549
1.734856
0.012216
0.093662
0.175112
0.256566
0.338025
0.419489
0.500958
0.582431
0.663909
0.745390
0.826906
0.912966
1.158199
2.531036
4.151669
2.694056
1.484235
1.402016
1.478968
1.560469
1.642006
1.723549
0.000000
0.081498
0.163002
0.244512
0.326028
0.407548
0.489073
0.570604
0.652141
0.733682
0.815227
0.896776
0.978329
1.059886
1.141447
1.223018
1.304596
1.386176
1.467756
1.549334
1.630910
1.712481
1.794051
0.069316
0.150866
0.232416
0.313968
0.395521
0.477076
0.558634
0.640195
0.721757
0.803322
0.884891
0.966463
1.048037
1.129610
1.211188
1.292800
1.378958
1.624334
2.997646
4.618825
3.160826
1.950697
0.061573
0.138393
0.219757
0.301153
0.382552
0.463954
0.545358
0.626765
0.708174
0.789586
0.871004
0.952428
1.033856
1.115287
1.196723
1.278167
1.359613
1.441064
1.522521
1.603983
1.685440
1.766899
0.040713
0.122141
0.203572
0.285006
0.366443
0.447882
0.529323
0.610769
0.692219
0.773666
0.855114
0.936564
1.018017
1.099473
1.180930
1.262390
1.343849
1.425308
1.506767
1.588220
1.669670
1.751153
0.029036
0.274287
1.647589
3.268782
1.810488
0.600083
0.517726
0.594599
0.676015
0.757461
0.838905
0.920346
1.001785
1.083220
1.164658
1.246096
1.327533
1.408971
1.490408
1.571848
1.653291
1.734737
0.008144
0.089588
0.171032
0.252476
0.333920
0.415363
0.496804
0.578243
0.659683
0.741123
0.822558
0.903994
0.985427
1.066858
1.148286
1.229710
1.311126
1.392539
1.473950
1.555354
1.636758
1.718165
1.799566
0.073615
0.155408
0.237198
0.318988
0.400807
0.487166
0.732738
2.106245
3.727619
2.269816
1.059880
0.977881
1.055098
1.136855
1.218639
1.300421
1.382206
1.463995
1.545787
1.627581
1.709380
1.791186
0.065878
0.148227
0.230578
0.312931
0.395287
0.477645
0.560005
0.642370
0.724739
0.807110
0.889488
0.971870
1.054256
1.136646
1.219040
1.301438
1.383845
1.466260
1.548679
1.631102
1.713534
1.795977
0.070672
0.153820
0.236973
0.320131
0.403298
0.486473
0.569655
0.652845
0.736046
0.819255
0.902501
0.990299
1.237269
2.611843
4.234225
2.778363
1.570302
1.489851
1.568575
1.651847
1.735158
0.008342
0.091763
0.175194
0.258633
0.342081
0.425533
0.508991
0.592455
0.675921
0.759394
0.842875
0.926362
1.009857
1.093360
1.176871
1.260392
1.343926
1.427466
1.511013
1.594564
1.678117
1.761676
0.033630
0.117710
0.201798
0.285893
0.369994
0.454102
0.538218
0.622341
0.706470
0.790606
0.874744
0.958889
1.043040
1.127201
1.211371
1.295550
1.379738
1.463970
1.552751
1.800635
3.175564
4.798171
1.530643
0.324314
0.245028
0.324840
0.409197
0.493594
0.578003
0.662417
0.746840
0.831271
0.915711
1.000161
1.084618
1.169084
1.253553
1.338031
1.422513
1.507004
1.591501
1.676000
1.760504
0.029350
0.113211
0.197079
0.280955
0.364837
0.448725
0.532616
0.616511
0.700409
0.784312
0.868217
0.952127
1.036040
1.119952
1.203862
1.287774
1.371688
1.455602
1.539518
1.623442
1.707364
1.791282
0.058731
0.142634
0.226567
0.315034
0.562479
1.936173
3.557362
2.103991
0.898112
0.818480
0.897823
0.981705
1.065616
1.149529
1.233446
1.317362
1.401279
1.485193
1.569112
1.653037
1.736964
0.004167
0.087503
0.170839
0.254176
0.337512
0.420850
0.504188
0.587524
0.670858
0.754190
0.837522
0.920850
1.004180
1.087510
1.170842
1.254174
1.337510
1.420849
1.504189
1.587530
1.670870
1.754213
0.020834
0.104170
0.187504
0.270839
0.354172
0.437504
0.520835
0.604167
0.687501
0.770864
0.858760
1.105492
2.477455
4.096686
2.644121
1.438825
1.358766
1.437546
1.520859
1.604210
1.687564
1.770922
0.037247
0.120019
0.202796
0.285575
0.368358
0.451143
0.533932
0.616722
0.699516
0.782310
0.865109
0.947914
1.030724
1.113537
1.196356
1.279183
1.362014
1.444844
1.527671
1.610505
1.693341
1.776177
0.041030
0.123092
0.205156
0.287219
0.369283
0.451346
0.533410
0.615475
0.697539
0.779602
0.861665
0.943728
1.025794
1.107863
1.189935
1.272034
1.358662
1.603948
2.973231
4.589512
3.137367
1.932217
0.032988
0.109583
0.190703
0.271851
0.352996
0.434138
0.515276
0.596412
0.677542
0.758667
0.839790
0.920913
1.002032
1.083146
1.164257
1.245366
1.326474
1.407583
1.488697
1.569806
1.650915
1.732017
1.813117
0.076724
0.157484
0.238241
0.318996
0.399745
0.480491
0.561234
0.641975
0.722716
0.803453
0.884189
0.964924
1.045658
1.126394
1.207127
1.287854
1.368581
1.449305
1.530025
1.610746
1.691497
1.776768
0.203673
1.569413
3.181829
1.729810
0.524468
0.441661
0.517307
0.597469
0.677661
0.757853
0.838043
0.918233
0.998418
1.078602
1.158784
1.238960
1.319139
1.399316
1.479499
1.559688
1.639872
1.720058
1.800245
0.064010
0.144024
0.224039
0.304054
0.384069
0.464084
0.544099
0.624113
0.704128
0.784141
0.864155
0.944169
1.024181
1.104194
1.184208
1.264221
1.344233
1.424241
1.504249
1.584254
1.664257
1.744254
0.008019
0.088205
0.168392
0.248609
0.333340
0.576287
1.940087
3.550194
2.100461
0.897037
0.814468
0.890114
0.970269
1.050450
1.130632
1.210819
1.291011
1.371209
1.451405
1.531600
1.611798
1.691995
1.772193
0.036086
0.116276
0.196467
0.276658
0.356850
0.437041
0.517233
0.597428
0.677625
0.757822
0.838019
0.918214
0.998404
1.078589
1.158771
1.238952
1.319128
1.399306
1.479484
1.559662
1.639839
1.720018
1.800197
0.064576
0.145296
0.226016
0.306736
0.387458
0.468180
0.548900
0.629646
0.714896
0.958094
2.320239
3.928275
2.481671
1.280963
1.199203
1.275389
1.356081
1.436799
1.517514
1.598229
1.678939
1.759656
0.024162
0.104701
0.185241
0.265780
0.346319
0.426857
0.507394
0.587931
0.668469
0.749005
0.829538
0.910070
0.990602
1.071131
1.151662
1.232195
1.312731
1.393265
1.473797
1.554330
1.634858
1.715375
1.795889
0.060266
0.140619
0.220970
0.301318
0.381665
0.462009
0.542352
0.622692
0.703029
0.783363
0.863691
0.944015
1.024367
1.109214
1.351710
2.711030
4.315773
2.871670
1.672990
1.591133
1.666927
1.747214
1.754907
1.835138
1.915375
0.252480
0.332630
0.412779
0.492927
0.573074
0.653218
0.733361
0.813501
0.893640
2.717713
2.797935
2.878157
1.214169
1.294297
1.374423
1.454547
1.534667
1.614786
1.694899
1.775016
0.039892
1.864626
1.944485
2.024348
0.359021
0.438804
0.518585
0.598366
0.678149
0.757932
0.837715
0.917495
0.997272
1.077045
2.902836
2.982699
3.062559
1.396166
1.480457
1.722062
3.078147
4.679141
3.237685
0.225691
0.142942
0.217509
2.043584
2.122741
2.201890
0.533813
0.612899
0.691987
0.771074
0.850161
0.929252
1.008345
1.087440
1.166534
2.993561
3.072740
3.151923
1.482939
1.562049
1.641153
1.720260
1.799362
0.062729
0.141141
0.219554
0.297968
2.125287
2.203787
2.282288
0.611628
0.690046
0.768465
0.846887
0.925307
1.003724
1.082141
1.160557
1.238980
3.067297
3.145817
3.224338
3.302866
1.631182
1.709663
1.792619
0.216538
1.567678
3.163168
1.723200
0.527582
0.443888
2.268171
2.345994
2.423848
0.750434
0.828207
0.905980
0.983753
1.061530
1.139308
1.217084
1.294862
1.372639
3.202409
3.280263
3.358117
1.683719
1.761492
0.023084
0.100034
0.176984
0.253935
0.330887
0.407837
0.484786
2.314786
2.391815
2.468847
0.792576
0.869522
0.946463
1.023403
1.100339
1.177272
1.254201
1.331129
1.408052
3.238940
3.315935
3.392919
1.715690
1.792590
0.053854
0.130814
0.212238
0.450221
1.797346
3.388204
1.951177
2.512780
2.428710
2.501200
0.823002
0.899894
0.976777
1.053654
1.130529
1.207407
1.284282
1.361154
1.438015
3.270733
3.347673
3.424606
1.745423
0.007705
0.084755
0.161800
0.238840
0.315875
0.392905
0.469932
0.546951
2.380760
2.457851
2.534935
2.612010
0.931971
1.008957
1.085939
1.162911
1.239877
1.316836
1.393793
1.470753
1.547713
3.382591
3.459617
3.536627
0.042524
0.119834
0.197137
0.274432
0.351749
0.433510
0.671405
2.015448
3.602563
3.928930
2.739471
2.656163
0.969753
1.046935
1.124140
1.201339
1.278534
1.355726
1.432915
1.510097
1.587271
3.424559
3.501825
1.768095
0.085495
0.163211
0.240922
0.318628
0.396329
0.474024
0.551716
0.629404
0.707085
2.546036
2.623803
2.701563
1.017756
1.095408
1.173050
1.250685
1.328313
1.405932
1.483539
1.561138
1.638731
3.478717
3.556388
1.825255
0.140977
0.219287
0.297589
0.375884
0.454172
0.532454
0.610760
0.693502
0.931925
4.037014
5.620878
4.193768
1.244929
1.163011
1.236782
1.314993
1.393227
1.471459
1.549695
1.627932
1.706166
3.549726
1.821224
1.900998
0.215007
0.294631
0.374249
0.453864
0.533477
0.613083
0.692684
0.772280
0.851869
2.698616
2.778351
2.858086
1.170185
1.249750
1.329310
1.408864
1.488408
1.567952
1.647493
1.727030
0.000000
1.850021
1.931172
2.012319
0.323984
0.404963
0.485936
0.566904
0.647870
0.728832
0.809789
0.890744
0.971725
2.827994
3.068755
4.409055
4.219637
2.799743
1.621465
1.542716
1.619164
1.700036
1.780941
0.057697
0.140118
1.995249
2.077832
2.160417
0.469771
0.552178
0.634582
0.716982
0.799378
0.881770
0.964156
1.046541
1.128926
2.986149
3.068727
3.151303
1.458470
1.540855
1.623246
1.705634
1.788013
0.066985
0.150715
0.234443
0.318168
2.179130
2.263053
2.346976
0.653034
0.736739
0.820442
0.904141
0.987834
1.071517
1.155196
1.238870
1.322537
3.185892
3.269782
3.358078
1.820747
3.159442
2.935858
1.525242
0.355451
0.281572
0.362385
0.447608
0.532853
2.400326
2.485773
2.571211
0.873778
0.958993
1.044202
1.129408
1.214606
1.299799
1.384990
1.470180
1.555366
3.425349
3.510747
1.793896
0.095311
0.181952
0.268589
0.355220
0.441847
0.528469
0.615088
0.701703
0.788317
2.662465
2.749324
2.836178
1.134710
1.221288
1.307865
1.394433
1.480995
1.567555
1.654117
1.740672
0.026231
1.904224
1.991904
2.079580
0.375970
0.467814
0.713808
2.051886
3.629948
2.226693
1.063421
0.992233
1.075196
2.956088
3.043713
3.131339
1.424663
1.512019
1.599369
1.686714
1.774050
0.061770
0.150010
0.238244
0.326474
2.211156
2.299605
2.388051
0.679345
0.767549
0.855748
0.943937
1.032118
1.120293
1.208464
1.296629
1.384790
3.272192
3.360588
3.448987
1.737436
0.026719
0.115781
0.204839
0.293894
0.382945
0.471992
0.561039
2.451892
2.541158
2.630421
2.719683
1.006209
1.095240
1.184296
1.277726
1.524737
2.859799
4.433960
3.037817
3.685258
1.818074
1.903139
0.187426
0.276674
0.365917
0.455160
0.544402
0.633642
0.722880
0.812112
0.901339
2.797616
2.887040
2.976452
1.258184
1.347384
1.436585
1.525784
1.614975
1.704163
1.793351
0.085180
0.174840
2.074026
2.163893
2.253760
0.533448
0.623092
0.712731
0.802364
0.891993
0.981624
1.071254
1.160880
1.250499
3.152212
3.242040
3.331857
1.608917
1.698516
1.788109
0.081068
0.171142
0.261240
0.355700
0.603143
1.934401
5.318551
3.929452
2.778524
0.896029
0.981685
1.071704
1.161749
1.251794
1.341835
1.431881
1.521928
1.611974
3.519394
3.609662
1.903807
0.176483
0.266983
0.357480
0.447974
0.538463
0.628950
0.719433
0.809910
0.900384
2.811083
2.901795
2.992505
1.262242
1.352697
1.443151
1.533599
1.624046
1.714492
0.009070
0.099768
0.190464
2.104311
2.195242
2.286159
0.553211
0.643889
0.734565
0.825237
0.915904
1.006568
1.097224
1.187900
1.282917
3.356147
4.683144
6.247337
3.038349
1.892861
0.031740
0.118487
0.209578
0.300695
0.391810
0.482923
0.574031
2.493609
2.584924
2.676235
0.938427
1.029515
1.120603
1.211687
1.302764
1.393833
1.484898
1.575963
1.667016
3.588971
1.886020
1.977742
0.238018
0.329551
0.421080
0.512605
0.604122
0.695630
0.787129
0.878622
0.970107
2.894602
2.986248
3.077892
1.335979
1.427436
1.518886
1.610328
1.701759
0.000000
0.091485
0.182963
0.274436
2.201026
2.297010
2.544700
2.031529
3.589969
2.214413
1.075032
1.010398
1.097466
1.188860
1.280281
1.371695
3.300335
3.391922
3.483508
1.737329
0.036668
0.128337
0.220005
0.311671
0.403335
0.494995
0.586655
0.678313
2.609315
2.701138
2.792952
1.044904
1.136542
1.228176
1.319807
1.411435
1.503055
1.594668
1.686278
1.777888
1.919004
2.010574
2.102140
0.351903
0.443298
0.534688
0.626073
0.717458
0.808841
0.900218
0.991591
1.082961
3.017650
3.109179
3.200724
1.452748
1.699455
3.016085
4.567830
1.407802
0.273649
0.209419
0.296211
0.387305
2.323707
2.414973
2.506231
0.751743
0.842842
0.933937
1.025026
1.116109
1.207189
1.298266
1.389330
1.480397
1.571453
3.509827
3.601011
1.902420
0.146110
0.237421
0.328726
0.420025
0.511317
0.602606
0.693894
0.785177
0.876456
2.816789
2.908193
2.999594
1.241538
1.332803
1.424070
1.515338
1.606601
1.697863
0.000000
0.090819
0.181638
2.123155
2.214112
2.305067
0.544934
0.640068
0.885518
2.195873
3.740238
2.377478
1.248734
1.184899
1.271381
1.362148
3.305278
3.396186
3.487086
1.725291
0.027172
0.117744
0.208315
0.298884
0.389451
0.480016
0.570579
0.661140
2.605406
2.696070
2.786737
1.023380
1.113942
1.204505
1.295067
1.385626
1.476189
1.566752
1.657313
1.747879
0.049436
1.994370
2.084353
2.174335
0.408967
0.498851
0.588737
0.678625
0.768515
0.858409
0.948307
1.038206
1.128114
3.074442
3.164473
3.254506
1.487768
1.581976
1.825766
3.129268
2.876093
1.518647
0.394076
0.329213
0.413937
0.502930
2.450148
2.539306
2.628469
0.859046
0.948081
1.037116
1.126157
1.215194
1.304240
1.393290
1.482345
1.571402
3.520241
3.609419
1.908256
0.135982
0.223714
0.311448
0.399184
0.486920
0.574661
0.662406
0.750151
0.837897
0.925645
2.874587
2.962442
3.050306
1.276686
1.364461
1.452239
1.540021
1.627807
1.715606
0.012942
0.099226
0.185516
2.134294
2.220712
2.307141
0.530752
0.621342
0.860760
2.154496
3.679923
2.327158
1.206089
1.139341
1.221416
1.307737
3.257999
3.344469
3.430947
1.653179
1.739546
0.033722
0.118030
0.202341
0.286654
0.370971
0.455291
0.539614
0.623941
2.573837
2.658312
2.742782
0.961264
1.045592
1.129927
1.214265
1.298613
1.382963
1.467314
1.551667
1.636026
3.587598
1.879727
1.962445
0.177570
0.260163
0.342758
0.425354
0.507949
0.590544
0.673138
0.755734
0.838330
0.920926
2.872375
2.955089
3.037835
1.255615
1.490514
2.774164
4.288282
2.939428
1.821047
1.751408
0.036285
0.116831
0.197409
2.148200
2.228878
2.309560
0.519761
0.600362
0.680968
0.761580
0.842196
0.922817
1.003439
1.084065
1.164693
3.116620
3.197351
3.278079
1.487229
1.567861
1.648495
1.729138
0.015769
0.094617
0.173467
0.252318
0.331171
0.410026
2.361267
2.440215
2.519162
0.725470
0.804338
0.883209
0.962088
1.040971
1.119853
1.198740
1.277632
1.356528
1.435425
3.387808
3.466810
3.550005
1.906688
1.385102
2.886423
1.540468
0.423712
0.349946
0.423407
0.501067
0.578758
0.656448
2.608750
2.686522
2.764287
0.967190
1.044872
1.122556
1.200238
1.277923
1.355614
1.433306
1.511002
1.588697
1.666392
3.619857
1.902646
1.979263
0.179847
0.256379
0.332912
0.409447
0.485984
0.562524
0.639064
0.715605
0.792146
2.745540
2.822177
2.898813
1.098298
1.174836
1.251378
1.327917
1.404457
1.480991
1.557524
1.634058
1.710595
1.787139
1.946675
2.027038
2.253786
1.639077
3.130676
1.791184
0.679588
0.605055
0.676907
0.752934
0.828988
0.905042
0.981093
2.936862
3.013033
3.089202
1.285291
1.361340
1.437386
1.513432
1.589481
1.665535
1.741586
0.022815
0.098866
0.174916
2.132191
2.208347
2.284500
0.479110
0.555156
0.631201
0.707249
0.783300
0.859352
0.935406
1.011461
1.087517
1.163573
3.122013
3.198152
3.274296
1.467802
1.543856
1.619912
1.695966
1.772018
0.053012
0.128744
0.204475
0.280233
0.360141
2.469251
3.725745
5.208790
1.993423
0.888487
0.814510
0.886061
0.961765
1.037496
1.113228
1.188960
1.264691
3.225353
3.301189
3.377026
1.567610
1.643343
1.719081
0.000000
0.075413
0.150828
0.226242
0.301655
0.377069
0.452482
2.414217
2.489738
2.565254
0.754135
0.829546
0.904953
0.980356
1.055757
1.131153
1.206547
1.281943
1.357337
1.432728
3.395701
3.471184
3.546661
1.734262
0.014955
0.089729
0.164501
0.239271
0.314040
0.388807
0.463600
0.542520
0.766083
3.903106
5.376636
4.052843
1.065168
0.991139
1.061755
1.136495
1.211264
1.286037
1.360815
1.435594
1.510378
1.585167
3.549958
3.624846
1.905020
0.088990
0.163150
0.237311
0.311473
0.385638
0.459805
0.533975
0.608146
0.682319
2.647679
2.721958
2.796237
0.979037
1.053216
1.127400
1.201588
1.275777
1.349966
1.424151
1.498342
1.572531
1.646724
3.613241
1.892393
1.965894
0.146844
0.220265
0.293685
0.367106
0.440528
0.513951
0.587401
0.664950
0.886231
2.125765
5.482192
4.165781
3.073121
1.105441
1.174719
1.248102
1.321512
1.394922
1.468333
1.541743
1.615155
1.688563
3.655678
1.933725
2.006442
0.185313
0.257982
0.330649
0.403315
0.475979
0.548641
0.621302
0.693963
0.766622
0.839282
2.806261
2.878971
2.951683
1.129943
1.202613
1.275284
1.347949
1.420610
1.493271
1.565934
1.638606
1.711281
1.783959
1.956156
2.028278
2.100398
0.277533
0.349627
0.421725
0.493826
0.565930
0.638065
0.714276
0.933291
2.163967
5.512354
4.203657
3.117272
1.147003
1.215033
1.287142
1.359277
1.431415
1.503560
1.575702
1.647840
1.719983
1.792133
1.963967
2.035435
2.106903
0.282065
0.353480
0.424901
0.496324
0.567751
0.639184
0.710619
0.782058
0.853499
0.924947
2.893297
2.964818
3.036340
1.210785
1.282253
1.353727
1.425208
1.496695
1.568188
1.639687
1.711188
1.782689
1.954273
2.025215
2.096165
0.269406
0.340312
0.411221
0.482133
0.553048
0.623992
0.698985
0.915829
2.137578
3.580158
4.177619
3.097786
3.022860
1.191453
1.262378
1.333333
1.404289
1.475242
1.546197
1.617152
1.688115
1.759079
0.031857
2.001454
2.072281
2.143117
0.315052
0.385856
0.456663
0.527473
0.598286
0.669100
0.739914
0.810732
0.881556
2.851675
2.922555
2.993442
1.164931
1.235797
1.306667
1.377539
1.448416
1.519295
1.590176
1.661060
1.731948
0.003521
1.973736
2.044201
2.114666
0.285247
0.355690
0.426136
0.496585
0.567065
0.641565
0.856941
2.070313
3.502998
2.211245
3.038804
2.964352
3.030767
1.201204
1.271668
1.342129
1.412592
1.483054
1.553521
1.623991
1.694465
1.764944
1.935242
2.005970
2.076700
0.247586
0.318331
0.389080
0.459831
0.530586
0.601344
0.672107
0.742873
0.813644
0.884420
2.854924
2.925707
2.996495
1.167558
1.238348
1.309137
1.379926
1.450712
1.521498
1.592286
1.663079
1.733873
0.003574
1.974734
2.046208
2.117686
0.289476
0.360956
0.432436
0.503943
0.579440
0.794815
2.001119
3.425182
2.144081
2.980458
2.908052
2.975519
1.147261
1.218745
1.290223
1.361702
1.433180
1.504658
1.576139
1.647627
1.719112
1.790594
1.961555
2.034332
2.107105
0.280192
0.352969
0.425744
0.498520
0.571294
0.644068
0.716841
0.789615
0.862384
0.935151
2.907303
2.980019
3.052725
1.226187
1.298943
1.371699
1.444457
1.517214
1.589975
1.662743
1.735511
0.007321
1.979220
2.052360
2.125500
0.300168
0.373381
0.446595
0.519834
0.597036
0.813094
2.012877
3.428838
2.159307
1.105948
2.933935
3.003069
3.076163
1.251915
1.325121
1.398329
1.471540
1.544755
1.617974
1.691197
1.764417
0.036681
0.110044
2.079810
2.153070
2.226332
0.403503
0.476871
0.550241
0.623616
0.696995
0.770378
0.843760
0.917146
0.990531
2.959178
3.032484
3.105787
1.284094
1.357503
1.430924
1.504350
1.577775
1.651202
1.724641
1.798079
0.069723
0.143120
2.110551
2.183870
2.257189
0.436744
0.510159
0.583601
0.660975
0.876174
2.067749
3.473886
2.214605
1.169888
2.994353
3.063721
3.137023
1.317888
1.391336
1.464788
1.538244
1.611700
1.685157
1.758613
0.029432
0.103013
0.176598
2.141473
2.214954
2.288436
0.470974
0.544577
0.618183
0.691795
0.765413
0.839037
0.912667
0.986301
1.059940
1.133577
3.096865
3.170363
3.243854
1.428136
1.501773
1.575407
1.649049
1.722701
1.796363
0.066261
0.139886
0.213516
2.174977
2.248464
2.321949
0.508051
0.581684
0.655344
0.732908
0.947239
2.130455
3.526586
2.277744
1.241818
1.174779
3.130337
3.203792
3.277276
1.465434
1.539095
1.612757
1.686422
1.760088
0.029458
0.103104
0.176753
0.250404
2.207940
2.281429
2.354922
0.545036
0.618697
0.692364
0.766035
0.839708
0.913385
0.987065
1.060749
1.134441
1.208132
3.163420
3.236953
3.310489
1.502973
1.576693
1.650414
1.724135
1.797857
0.066181
0.139720
0.213265
0.286813
0.360365
2.313262
2.386645
2.460031
0.654617
0.728212
0.805680
1.018841
2.193267
1.022504
1.096095
1.169690
1.243284
3.194016
3.267439
3.340857
1.537661
1.611253
1.684839
1.758429
0.025804
0.099529
0.173255
0.246983
0.320713
0.394444
2.342973
2.416520
2.490067
0.689381
0.763121
0.836863
0.910608
0.984358
1.058112
1.131864
1.205616
1.279371
3.225551
3.299107
3.372668
3.446232
1.648173
1.721948
1.795726
0.063200
0.137557
0.211916
0.286279
0.360646
0.435015
2.379241
2.453432
2.527621
0.732514
0.806897
0.881278
0.955659
1.030039
1.104422
1.178810
1.253204
1.327591
1.401979
3.343782
3.417977
3.492170
1.699525
1.773910
0.041332
0.116481
0.191630
0.266778
0.341926
0.417072
0.492216
2.432454
2.507405
2.582354
2.657302
0.867921
0.943067
1.018218
1.093368
1.168520
1.243673
1.318823
1.393971
1.469129
3.407021
3.481993
3.556961
1.769779
0.038049
0.114147
0.190244
0.266340
0.342436
0.418533
0.494629
0.570727
0.646823
2.583240
2.659164
2.735086
0.951185
1.027269
1.103347
1.179418
1.255488
1.331555
1.407617
1.483673
1.559724
1.635763
3.569816
3.645663
1.915069
0.133972
0.210519
0.287060
0.363595
0.440124
0.516645
0.593161
0.669674
0.746184
2.678548
2.754880
2.831210
1.052167
1.128648
1.205122
1.281594
1.358062
1.434530
1.511003
1.587475
1.663949
1.740423
1.865398
1.942078
2.018750
0.241984
0.318797
0.395605
0.472409
0.549211
0.626007
0.702800
0.779592
0.856380
0.933165
2.861707
2.938309
3.014904
1.240261
1.317018
1.393766
1.470508
1.547247
1.623979
1.700709
1.777434
0.050118
0.127218
2.053774
2.130687
2.207598
0.435573
0.512649
0.589721
0.666789
0.743853
0.820911
0.897967
0.975016
1.052064
1.129112
3.053379
3.130257
3.207131
1.437283
1.514316
1.591342
1.668368
1.745388
0.019264
0.096320
0.173372
0.250422
0.327467
2.249754
2.326658
2.403552
0.635610
0.712633
0.789653
0.866671
0.943679
1.020681
1.097678
1.174674
1.251668
3.172287
3.249144
3.325998
3.402849
1.636603
1.713592
1.790583
0.065461
0.142472
0.219480
0.296486
0.373488
0.450489
2.369522
2.446420
2.523319
0.758490
0.835487
0.912482
0.989476
1.066470
1.143462
1.220451
1.297437
1.374422
1.451409
3.369165
3.446058
3.522949
1.759352
0.034796
0.112118
0.189438
0.266754
0.344067
0.421377
0.498685
0.575989
0.653289
2.570078
2.647274
2.724464
0.962447
1.039727
1.117001
1.194272
1.271539
1.348796
1.426051
1.503301
1.580548
1.657785
3.573112
1.849629
1.927289
2.004948
0.244992
0.322757
0.400518
0.478274
0.556024
0.633769
0.711510
0.789242
0.866966
0.944684
2.858969
2.936581
3.014191
1.255507
1.333200
1.410889
1.488574
1.566252
1.643925
1.721591
0.000000
0.078225
0.156444
2.070050
2.148178
2.226301
0.469276
0.547470
0.625662
0.703850
0.782037
0.860221
0.938403
1.016585
1.094766
1.172949
3.085570
3.163682
3.241785
1.485634
1.563794
1.641954
1.720112
0.000000
0.078354
0.156705
0.235053
0.313398
0.391740
2.303752
2.382041
2.460322
0.705081
0.783412
0.861746
0.940076
1.018408
1.096737
1.175061
1.253386
1.331709
1.410033
1.488354
3.399518
3.477768
3.556016
0.003942
0.082789
0.161634
0.240478
0.319322
0.398166
0.477012
0.555856
0.634700
0.713542
2.624142
2.702901
2.781666
1.028920
1.107766
1.186619
1.265479
1.344338
1.423193
1.502052
1.580915
1.659785
1.738658
0.019887
1.930106
2.009587
2.089069
0.338109
0.417672
0.497236
0.576801
0.656369
0.735937
0.815506
0.895074
0.974642
1.054212
2.963455
3.042957
3.122454
1.372495
1.452065
1.531632
1.611200
1.690768
1.770334
0.052412
0.133046
0.213681
0.294318
0.374957
2.284113
2.364657
2.445206
0.697534
0.778186
0.858842
0.939503
1.020164
1.100829
1.181502
1.262189
1.342880
1.423573
1.504271
3.412214
3.492828
3.573439
0.028552
0.110133
0.191717
0.273302
0.354889
0.436482
0.518078
0.599676
0.681277
0.762878
0.844479
2.752160
2.833687
2.915221
1.170937
1.252558
1.334178
1.415799
1.497419
1.579031
1.660645
1.742259
0.024762
0.107302
0.189844
2.097243
2.179686
2.262133
0.520038
0.602592
0.685147
0.767702
0.850255
0.932807
1.015358
1.097908
1.180455
1.263008
1.345560
3.251425
3.333860
3.416291
1.675729
1.758274
0.041559
0.124677
0.207795
0.290913
0.374031
0.457149
0.540268
0.623388
0.706509
0.789631
2.694252
2.777242
2.860231
1.122125
1.205250
1.288370
1.371488
1.454601
1.537714
1.620833
1.703953
1.787068
0.070814
0.154123
2.057018
2.140176
2.223337
0.487342
0.570643
0.653947
0.737251
0.820556
0.903861
0.987164
1.070469
1.153779
1.237090
1.320403
1.403714
3.304551
3.387735
3.470926
1.736995
0.021022
0.105110
0.189200
0.273294
0.357390
0.441487
0.525587
0.609687
0.693789
0.777894
2.677637
2.761610
2.845579
1.114321
1.198430
1.282541
1.366654
1.450774
1.534892
1.619010
1.703137
1.787268
0.071827
0.156332
0.240840
2.138843
2.223209
2.307569
0.578891
0.663405
0.747922
0.832443
0.916966
1.001491
1.086016
1.170541
1.255068
1.339597
1.424132
1.508664
3.404275
3.488646
3.573028
0.046926
0.132248
0.217572
0.302898
0.388227
0.473560
0.558895
0.644231
0.729567
0.814904
0.900241
0.985583
2.879686
2.964875
3.050071
3.135277
1.412336
1.497698
1.583061
1.668430
1.753812
0.038496
0.124047
0.209600
0.295158
0.380720
0.466286
0.551856
2.443744
2.529165
2.614585
0.894172
0.979752
1.065332
1.150909
1.236484
1.322060
1.407636
1.493213
1.578790
1.664367
1.749942
0.034310
1.923731
2.009317
2.094902
0.377400
0.463172
0.548943
0.634715
0.720490
0.806268
0.892048
0.977825
1.063599
1.149371
1.235143
1.320915
1.406688
3.293089
3.378661
3.464230
1.749770
0.034309
0.120082
0.205855
0.291627
0.377398
0.463170
0.548939
0.634708
0.720479
0.806248
0.892015
0.977783
2.861110
2.946696
3.032277
1.320840
1.406588
1.492329
1.578066
1.663799
1.749530
0.034385
0.120347
0.206305
0.292259
0.378212
0.464161
0.550104
2.430752
2.516515
2.602267
0.893839
0.979761
1.065677
1.151593
1.237503
1.323413
1.409323
1.495233
1.581145
1.667059
1.752972
0.038853
0.125192
2.003423
2.089578
2.175738
0.470523
0.556851
0.643175
0.729498
0.815817
0.902133
0.988449
1.074762
1.161075
1.247384
1.333687
1.419992
1.506300
3.381818
3.467974
3.554132
0.051791
0.138107
0.224421
0.310735
0.397046
0.483356
0.569666
0.655973
0.742276
0.828575
0.914878
1.001180
1.087482
2.960412
3.046556
3.132706
1.432700
1.519011
1.605324
1.691640
1.777953
0.065199
0.152131
0.239064
0.325997
0.412931
0.499864
0.586797
0.673727
0.760655
2.631562
2.718331
2.805096
1.108343
1.195269
1.282193
1.369116
1.456037
1.542951
1.629870
1.716794
0.004378
0.091936
0.179494
0.267050
0.354604
2.223664
2.311059
2.398453
0.704814
0.792364
0.879914
0.967468
1.055024
1.142587
1.230154
1.317725
1.405300
1.492882
1.580466
1.668054
1.755635
0.043889
1.910449
1.998064
2.085677
0.395014
0.482803
0.570595
0.658389
0.746185
0.833984
0.921785
1.009591
1.097399
1.185210
1.273026
1.360843
1.448664
3.312842
3.400534
3.488231
1.775931
0.088236
0.176475
0.264716
0.352955
0.441195
0.529437
0.617679
0.705921
0.794167
0.882417
0.970671
1.058930
1.147193
3.009318
3.097428
3.185542
1.500273
1.588556
1.676833
1.765114
0.052954
0.141214
0.229476
0.317742
0.406012
0.494287
0.582567
0.670852
0.759143
0.847443
2.706969
2.795123
2.883282
1.200683
1.289000
1.377322
1.465644
1.553967
1.642289
1.730618
0.017617
0.105702
0.193791
0.281883
0.369979
0.458080
0.546185
2.403161
2.491141
2.579116
0.898626
0.986742
1.074862
1.162987
1.251116
1.339247
1.427380
1.515518
1.603665
1.691821
1.779984
0.065930
0.153841
0.241756
2.096110
2.183880
2.271654
2.359434
0.681412
0.769356
0.857306
0.945260
1.033216
1.121179
1.209146
1.297116
1.385090
1.473067
1.561050
1.649045
1.737044
0.021777
1.872356
1.959300
2.046254
0.370246
0.457374
0.544504
0.631632
0.718764
0.805899
0.893038
0.980182
1.067325
1.154466
1.241609
1.328755
1.415900
1.503053
3.350778
3.437772
3.524768
0.047583
0.134099
0.220619
0.307142
0.393667
0.480195
0.566727
0.653261
0.739797
0.826338
0.912880
0.999424
1.085973
1.172525
3.017010
3.103427
3.189848
1.518765
1.605331
1.691903
1.778479
0.060150
0.146083
0.232019
0.317959
0.403904
0.489853
0.575806
0.661764
0.747727
0.833696
0.919671
2.761120
2.846977
2.932843
1.263634
1.349633
1.435636
1.521641
1.607651
1.693667
1.779692
0.059618
0.144792
0.229971
0.315155
0.400344
0.485535
0.570731
2.409224
2.494300
2.579379
0.911567
0.996789
1.082017
1.167245
1.252473
1.337699
1.422931
1.508170
1.593413
1.678648
1.763885
0.042111
0.126335
0.210561
2.045910
2.130016
2.214128
2.298246
0.631727
0.715970
0.800216
0.884462
0.968713
1.052971
1.137234
1.221500
1.305764
1.390034
1.474309
1.558584
1.642867
1.727157
1.753224
1.836595
1.919974
0.254625
0.338115
0.421608
0.505102
0.588597
0.672094
0.755595
0.839101
0.922610
1.006121
1.089633
1.173143
1.256653
1.340166
1.423682
3.254436
3.337870
3.421305
1.757788
0.033022
0.115582
0.198147
0.280717
0.363291
0.445867
0.528447
0.611030
0.693615
0.776205
0.858800
0.941399
1.024005
2.852381
2.934899
3.017423
1.354476
1.437101
1.519729
1.602358
1.684986
1.767614
0.040743
0.122232
0.203724
0.285220
0.366719
0.448220
0.529725
0.611236
0.692754
2.518392
2.599838
2.681291
1.018880
1.100419
1.181958
1.263502
1.345051
1.426594
1.508135
1.589680
1.671229
1.752779
0.024026
0.104114
0.184205
0.264298
0.344393
2.167259
2.247287
2.327316
0.664804
0.744913
0.825023
0.905132
0.985235
1.065331
1.145431
1.225528
1.305626
1.385723
1.465824
1.545927
1.626038
1.706153
3.527723
1.796227
1.874510
1.952791
0.289993
0.368376
0.446762
0.525149
0.603539
0.681931
0.760329
0.838732
0.917138
0.995549
1.073963
1.152381
1.230803
1.309229
3.127436
3.205784
3.284131
1.622995
1.701449
1.779910
0.046053
0.122811
0.199572
0.276337
0.353105
0.429876
0.506647
0.583420
0.660196
0.736974
0.813753
0.890534
2.705489
2.782187
2.858891
1.197673
1.274458
1.351247
1.428035
1.504825
1.581618
1.658413
1.735211
0.000000
0.075347
0.150696
0.226046
0.301397
0.376748
0.452097
2.264105
2.339372
2.414638
0.753503
0.828854
0.904207
0.979564
1.054924
1.130290
1.205658
1.281028
1.356396
1.431763
1.507134
1.582511
1.657891
1.733271
1.808654
1.805312
1.879077
1.952847
0.291637
0.365471
0.439305
0.513141
0.586978
0.660815
0.734654
0.808494
0.882335
0.956179
1.030023
1.103870
1.177720
1.251573
1.325429
3.133414
3.207191
3.280960
1.620796
1.694642
1.768498
0.028891
0.101119
0.173349
0.245582
0.317817
0.390054
0.462293
0.534535
0.606782
0.679032
0.751284
0.823543
2.628724
2.700928
2.773140
2.845355
1.184892
1.257177
1.329467
1.401765
1.474072
1.546382
1.618696
1.691014
1.763340
0.021300
0.092303
0.163311
0.234324
0.305343
0.376367
2.179328
2.250317
2.321309
0.660517
0.731565
0.802616
0.873673
0.944738
1.015809
1.086886
1.157967
1.229052
1.300141
1.371239
1.442341
1.513446
1.584559
1.655677
3.457985
3.529105
1.783434
0.121991
0.191710
0.261434
0.331166
0.400906
0.470654
0.540411
0.610176
0.679951
0.749736
0.819530
0.889328
0.959132
1.028946
1.098771
2.899673
2.969509
3.039341
1.378143
1.448007
1.517876
1.587752
1.657630
1.727518
1.797415
0.048036
0.116665
0.185302
0.253947
0.322600
0.391261
0.459931
0.528610
2.328322
2.397016
2.465720
0.803401
0.872116
0.940840
1.009573
1.078318
1.147073
1.215837
1.284609
1.353391
1.422187
1.490986
1.559793
1.628614
1.697440
1.766280
1.744622
1.812097
1.879580
0.215920
0.283415
0.350920
0.418434
0.485958
0.553493
0.621036
0.688590
0.756154
0.823725
0.891306
0.958900
1.026506
1.094119
1.161741
2.960702
3.028348
3.096014
1.432351
1.500031
1.567717
1.635410
1.703115
1.770831
0.013322
0.079938
0.146565
0.213202
0.279851
0.346509
0.413178
0.479858
0.546547
2.344477
2.411174
2.477885
0.813417
0.880163
0.946915
1.013679
1.080450
1.147231
1.214025
1.280834
1.347657
1.414490
1.481333
1.548180
1.615034
1.681899
1.748768
3.546599
1.783763
1.849788
0.184921
0.250980
0.317048
0.383126
0.449213
0.515312
0.581420
0.647536
0.713662
0.779801
0.845951
0.912110
0.978277
1.044447
1.110624
2.907040
2.973184
3.039340
1.375399
1.441610
1.507827
1.574046
1.640273
1.706508
1.772759
0.006580
0.072379
0.138186
0.204000
0.269820
0.335644
0.401473
0.467307
0.533145
2.328378
2.394171
2.459967
0.796542
0.862402
0.928265
0.994131
1.060005
1.125886
1.191773
1.257670
1.323570
1.389478
1.455393
1.521317
1.587248
1.653184
1.719124
3.513400
1.744673
1.810254
0.147698
0.213352
0.279011
0.344677
0.410349
0.476026
0.541711
0.607402
0.673107
0.738821
0.804543
0.870273
0.936012
1.001761
1.067519
2.860749
2.926488
2.992233
1.330640
1.396443
1.462254
1.528069
1.593894
1.659728
1.725563
1.791418
0.019723
0.085474
0.151232
0.217000
0.282775
0.348559
0.414351
0.480152
2.272712
2.338491
2.404275
0.743421
0.809254
0.875091
0.940936
1.006787
1.072644
1.138503
1.204364
1.270225
1.336097
1.401980
1.467872
1.533772
1.599682
1.665597
3.457392
3.523253
1.748963
0.089532
0.155859
0.222189
0.288523
0.354861
0.421205
0.487555
0.553911
0.620273
0.686638
0.753008
0.819385
0.885767
0.952155
1.018546
1.084940
2.875943
2.942280
3.008619
1.350551
1.416963
1.483376
1.549794
1.616210
1.682628
1.749050
1.815469
0.040117
0.106980
0.173846
0.240716
0.307590
0.374466
0.441346
2.231500
2.298293
2.365087
2.431887
0.775801
0.842708
0.909624
0.976547
1.043478
1.110414
1.177354
1.244300
1.311254
1.378216
1.445188
1.512171
1.579160
1.646155
1.713159
3.501807
1.724949
1.792791
0.139235
0.207166
0.275103
0.343048
0.410998
0.478955
0.546921
0.614892
0.682869
0.750853
0.818843
0.886839
0.954844
1.022857
1.090874
1.158895
2.947246
3.015211
3.083177
1.431036
1.499083
1.567138
1.635201
1.703268
1.771349
1.839444
0.062585
0.132132
0.201685
0.271247
0.340818
0.410399
0.479990
0.549589
0.619200
2.407688
2.477233
2.546779
0.897730
0.967385
1.037044
1.106708
1.176379
1.246054
1.315733
1.385416
1.455104
1.524799
1.594501
1.664207
1.733917
1.803629
0.025228
1.814527
1.886528
1.958526
0.313584
0.385683
0.457786
0.529894
0.602005
0.674121
0.746243
0.818375
0.890513
0.962658
1.034809
1.106965
1.179125
1.251283
1.323443
1.395609
3.183423
3.255517
3.327610
1.684293
1.756472
1.828659
0.052015
0.126326
0.200643
0.274973
0.349313
0.423662
0.498021
0.572388
0.646772
0.721165
0.795560
0.869965
0.944375
2.732695
2.807013
2.881348
1.242124
1.316587
1.391053
1.465514
1.539969
1.614431
1.688893
1.763354
1.837820
0.061372
0.138092
0.214820
0.291556
0.368301
0.445055
0.521821
2.311315
2.388080
2.464840
0.828948
0.905744
0.982547
1.059356
1.136168
1.212988
1.289809
1.366639
1.443483
1.520343
1.597211
1.674093
1.750994
1.827916
0.051413
1.842941
1.922066
2.001206
0.367941
0.447114
0.526303
0.605506
0.684728
0.763968
0.843225
0.922500
1.001786
1.081088
1.160413
1.239751
1.319108
1.398488
1.477884
1.557299
3.348885
3.428324
3.507764
0.016344
0.098072
0.179814
0.261568
0.343333
0.425114
0.506907
0.588711
0.670522
0.752341
0.834168
0.916007
0.997856
1.079716
1.161590
1.243473
3.037068
3.118968
3.200856
1.571145
1.653090
1.735027
1.816971
0.037828
0.121898
0.205977
0.290066
0.374164
0.458266
0.542373
0.626482
0.710595
0.794713
0.878844
0.962984
2.758542
2.842650
2.926748
1.299579
1.383724
1.467856
1.551981
1.636109
1.720253
1.804412
0.025998
0.112660
0.199322
0.285986
0.372652
0.459324
0.545997
0.632676
0.719357
2.516679
2.603348
2.690014
1.066085
1.152782
1.239481
1.326186
1.412909
1.499625
1.586343
1.673045
1.759747
1.846461
0.071339
0.160515
0.249695
0.338879
0.428067
0.517257
2.316325
2.405483
2.494647
0.874020
0.963214
1.052413
1.141616
1.230832
1.320056
1.409288
1.498522
1.587766
1.677022
1.766296
1.855583
0.082459
0.174091
0.265736
0.357391
2.158631
2.250320
2.342012
0.724108
0.815818
0.907546
0.999284
1.091024
1.182773
1.274540
1.366330
1.458126
1.549932
1.641734
1.733542
1.825371
0.051851
0.146133
0.240425
2.044305
2.138605
2.232908
0.617678
0.711999
0.806322
0.900653
0.994989
1.089337
1.183680
1.278017
1.372361
1.466707
1.561083
1.655484
1.749880
1.844293
0.072773
0.169812
1.975137
2.072086
2.169037
0.558013
0.655070
0.752130
0.849190
0.946268
1.043358
1.140464
1.237578
1.334694
1.431817
1.528956
1.626101
1.723266
1.820423
0.049705
0.149119
0.248539
2.054042
2.153398
2.252786
0.646285
0.745749
0.845223
0.944702
1.044192
1.143694
1.243201
1.342724
1.442240
1.541743
1.641258
1.740796
1.840360
0.071150
0.172803
0.274469
2.081989
2.183678
2.285377
0.681209
0.782918
0.884661
0.986443
1.088255
1.190081
1.291927
1.393764
1.495592
1.597414
1.699227
1.801075
0.031205
0.135229
0.239263
0.343310
0.447368
2.258668
2.362880
2.467105
0.863685
0.967810
1.071968
1.176158
1.280371
1.384622
1.488895
1.593208
1.697532
1.801886
0.031959
0.138504
0.245081
0.351695
0.458348
0.565037
2.381434
2.488309
2.595236
0.992184
1.099075
1.206015
1.313009
1.420055
1.527132
1.634279
1.741484
1.848724
0.076777
0.186496
0.296259
0.406069
0.515933
0.625869
0.735854
2.557569
2.667769
2.777995
1.176113
1.286237
1.396403
1.506609
1.616877
1.727166
1.837498
0.061783
0.174145
0.286541
0.398973
0.511441
0.623940
0.736462
0.849021
0.961602
1.074210
2.900679
3.013497
3.126352
1.525024
1.637811
1.750616
1.863420
0.086772
0.202489
0.318221
0.433964
0.549709
0.665470
0.781243
0.897025
1.012834
1.128660
1.244526
1.360413
3.191770
3.307681
3.423571
1.824080
0.047045
0.164664
0.282299
0.399947
0.517597
0.635252
0.752907
0.870564
0.988225
1.105882
1.223514
1.341132
1.458763
1.576379
1.693981
3.524661
1.748760
1.868013
0.274747
0.394161
0.513557
0.632925
0.752276
0.871595
0.990900
1.110203
1.229488
1.348744
1.467961
1.587149
1.706360
1.825562
0.054371
0.175176
0.295958
2.126894
2.247461
2.368032
0.779045
0.899780
1.020496
1.141205
1.261851
1.382489
1.503195
1.623961
1.744752
1.865555
0.097850
0.220166
0.342486
0.464812
0.587148
0.709498
2.538710
2.660857
2.783030
1.199162
1.321623
1.444050
1.566485
1.688904
1.811310
0.043537
0.167935
0.292340
0.416756
0.541197
0.665623
0.789982
0.914309
1.038570
1.162770
1.286939
3.110315
3.233798
3.357226
1.782863
0.018879
0.144701
0.270446
0.396099
0.521675
0.647200
0.772671
0.898082
1.023443
1.148809
1.274124
1.399352
1.524495
1.649596
1.774628
1.710370
1.837183
1.964028
2.090906
0.527035
0.653870
0.780608
0.907310
1.033970
1.160643
1.287316
1.414032
1.540772
1.667568
1.794356
0.045141
0.174114
0.303088
0.432056
0.561011
2.377762
2.506585
2.635349
1.076122
1.204585
1.332897
1.461086
1.589274
1.717523
1.845802
0.104304
0.234630
0.364884
0.495051
0.625165
0.755190
0.885151
1.015152
1.145072
1.274878
3.092094
3.221743
3.350916
1.791906
0.058185
0.187347
0.316336
0.445129
0.573871
0.702486
0.830946
0.959191
1.087387
1.215704
1.344476
1.473666
1.603105
1.732286
0.006440
1.822541
1.951294
2.079878
0.520410
0.648803
0.777340
0.906878
1.035118
1.163040
