3.258502
0.919453
-0.222985
1.198363
-0.758210
0.379608
0.786322
-0.064991
0.192023
-0.033772
0.782733
1.633021
1.553837
1.023699
0.588780
2.516307
2.500052
-0.000445
1.560826
0.915894
0.706803
0.941860
1.834465
1.165305
2.311138
1.750928
0.579048
1.878740
2.074650
0.792146
1.221627
-0.143897
0.532436
0.476567
-0.050709
0.116532
0.155739
-0.185246
1.944305
-0.285034
-2.473232
2.031224
0.613439
0.868727
0.159756
1.241369
0.888231
2.419220
0.468562
3.292556
3.659143
2.183264
1.197348
1.421026
0.834029
1.412899
1.670401
1.800364
0.493229
-0.323234
-0.658506
-0.282522
0.367590
-0.379765
-0.401873
0.337156
1.411020
-0.002889
1.103343
-0.501225
0.402074
1.729902
1.184654
0.749798
0.861464
-0.450858
0.618408
1.870708
0.974904
0.720234
0.077467
2.732691
1.287263
1.187455
2.936695
2.719132
1.600943
-0.191987
-1.038150
-0.736174
-0.123862
-0.209785
-0.417684
0.982300
-0.093327
0.806973
0.539334
0.183392
0.622606
2.036773
1.430628
2.733151
0.828141
0.655480
0.581941
1.173997
1.195146
1.244284
1.524056
1.348382
1.036010
1.746263
2.365402
1.384391
-0.660749
1.824250
2.059148
-0.410778
-0.332120
-0.117049
1.761644
-0.522465
0.737007
-0.466200
0.371898
-0.069254
0.725783
0.736380
1.102054
1.000523
0.986361
1.226137
0.856817
1.256473
0.921989
1.164604
0.445957
1.076407
1.336036
0.827840
1.350055
2.308698
1.806415
2.051764
1.749794
0.307634
0.924182
0.039800
-0.238902
3.053075
2.928327
1.317276
-0.104529
-0.271276
-0.876123
0.381869
0.819728
1.441303
0.456928
1.184854
3.708106
0.319379
0.540775
1.116141
2.161504
1.483364
0.953571
1.073110
1.379015
1.381311
1.146172
-0.966413
2.154653
1.660870
0.194921
0.593131
-0.056489
0.168602
0.799803
0.224595
0.507898
1.598648
0.265573
0.565558
1.141579
1.562803
2.153165
0.098958
0.406929
0.417919
-0.302880
1.589905
2.014464
0.293636
1.279575
0.914949
2.412515
3.169892
1.635127
3.589915
5.159963
2.685445
2.078630
2.537830
-0.401190
-0.143832
0.394503
-0.440935
-0.229040
0.344494
0.290695
1.947188
-0.246884
0.593260
0.507066
0.504736
-0.239576
0.568278
0.407062
1.049529
1.163367
1.141419
1.280239
1.321738
0.890893
1.429450
0.934915
0.781448
1.459884
1.266651
0.925925
2.328473
1.432413
0.291812
0.352634
0.494452
-1.842614
0.386416
0.458254
0.687622
0.542572
1.099682
0.473377
-0.110810
0.978482
1.225045
1.008273
1.321780
1.693223
0.902717
4.907988
2.050020
1.237598
1.545951
1.834784
1.822675
2.868552
-0.091677
4.572489
2.223099
1.257205
1.459325
-0.068524
1.158840
-0.328362
0.080321
1.467123
0.983525
0.555553
1.618368
1.512706
-0.123481
1.211438
0.883126
1.091608
0.529514
0.351555
0.933518
0.809067
1.200752
0.650439
1.304099
-0.246845
0.560272
1.378913
1.636370
0.893504
2.084276
1.197079
2.302339
1.087144
1.462188
-1.266347
0.340496
-1.173607
0.031061
0.112967
0.931616
0.684310
2.357849
3.591891
2.183700
0.847993
1.434719
0.062552
1.004585
0.988974
1.233920
-0.439776
-0.606085
1.131644
1.429675
0.944630
1.142955
1.201875
1.400761
1.777894
2.264345
2.609952
2.111871
0.242757
-0.292877
0.106293
1.235648
0.092810
0.104017
0.580535
0.396598
-0.771396
0.493012
0.098459
0.826180
0.607300
0.890128
0.101436
0.993919
0.917238
0.869995
0.237727
0.596292
1.036294
0.730344
-0.098780
0.843869
0.738698
2.648956
0.667034
1.433883
1.666697
4.689637
5.464283
1.277463
-0.674515
-0.280504
0.211832
-0.391245
0.719955
0.578085
0.582184
2.437080
0.246461
0.842303
0.572069
0.669509
0.958921
0.471768
-0.482778
1.696441
0.863306
1.616206
1.999006
1.855755
0.966620
1.030073
3.708061
0.447394
2.892875
1.916921
2.032611
2.027054
-0.495939
-0.218642
0.683369
0.249035
0.923793
-1.149477
-1.121749
-1.204328
0.413455
0.595236
0.104303
0.577001
2.700309
0.718265
0.844277
1.656977
1.445667
1.982828
0.850465
2.237790
4.078302
3.418009
-0.384929
1.745679
1.833645
1.366563
2.870224
1.529470
2.793229
0.415324
0.632938
0.685079
-1.152711
0.201179
1.202900
-0.179056
0.827682
0.031801
0.863329
1.004652
-0.372672
1.122189
-0.166952
0.944995
0.951504
1.394845
0.643542
1.590382
1.634963
0.927542
1.040926
1.625535
1.494880
1.349991
1.667823
1.338562
1.992558
-1.386608
0.184659
0.518151
0.180144
1.586267
-0.521702
-0.031269
1.024599
0.583019
-0.227093
0.659234
0.573050
2.792243
4.159744
2.178309
0.203297
1.459034
2.351568
0.526325
0.864655
1.321541
2.490092
1.389338
1.233481
1.667173
2.075599
2.137820
1.493018
-0.464719
-0.055590
0.336138
-1.440965
-0.038129
0.036156
-0.154968
1.578596
0.397784
0.566801
0.090235
0.930683
0.935221
-0.200148
0.840804
0.759179
1.388540
0.328905
2.727614
1.881992
1.026998
1.267447
0.628529
0.519227
1.192748
1.488180
1.479221
1.297697
-0.177729
-1.132818
0.051355
-0.535527
0.437969
-0.235233
2.850324
4.074430
1.524598
0.670564
0.174195
0.646532
-0.364608
-0.753930
1.123095
-0.397186
1.387937
0.147254
2.642446
1.365379
1.564716
1.409600
1.882474
1.293511
1.111364
2.567128
1.801502
1.204442
-0.911969
-0.094948
0.581515
0.421199
-0.617491
0.114568
0.860387
0.670316
0.550913
-0.751180
-0.164685
0.994618
1.442691
0.379435
0.889184
1.160637
0.580413
0.080461
8.417547
1.506251
1.596954
1.234317
1.191672
1.464436
1.218713
0.886327
1.965247
-0.401901
0.836969
3.558829
-0.454346
-0.184804
2.126917
0.285266
0.639627
0.245600
0.600058
1.550588
0.243968
0.262718
0.598153
1.275316
0.297024
0.815775
1.601055
0.712269
1.921867
2.188252
1.774732
2.186000
1.396162
2.057275
0.682683
1.514357
0.004173
-1.303611
0.539563
-0.687085
-0.279111
1.379421
0.311541
0.509185
1.019421
0.322026
2.054686
0.522118
0.917212
1.217192
1.160007
1.189579
0.171992
1.599252
0.622314
1.286639
1.244980
1.148985
0.801859
1.820050
3.237204
4.276990
3.216705
-0.075614
0.897378
-0.758218
-0.050638
0.206026
0.660314
0.548554
0.612560
0.533952
0.045064
1.054625
1.017886
1.006773
0.765325
0.770907
0.554312
1.032466
1.298070
1.578954
2.278882
1.632616
1.143096
0.853978
1.613752
3.024739
2.808711
-0.004289
0.269623
-0.048960
-0.408701
0.508136
0.080571
0.997333
0.508867
0.395937
1.261548
0.853539
1.326234
0.523252
0.890821
1.474637
1.410587
1.126267
1.277634
-0.417953
1.431886
1.379281
2.636257
8.230827
2.997617
0.790181
0.528213
-0.351982
0.261559
0.429724
0.693327
0.245686
1.655369
0.518208
0.335980
0.482101
1.244047
1.194908
1.082553
0.254920
1.807569
1.126065
0.613753
0.878446
3.028604
0.764603
1.483130
2.043007
0.790536
2.164439
1.249431
-0.547129
-0.160955
1.074107
0.512613
-0.485493
1.338822
0.846066
2.292444
0.137825
0.907205
1.024400
2.052601
0.785091
1.019813
0.880415
1.600057
1.224221
1.929093
2.112962
1.526712
2.426854
3.763634
4.773719
3.232408
-1.194091
-0.292825
0.700436
0.060627
0.590224
1.255018
0.791683
0.388706
0.848634
0.869010
0.661512
0.964472
1.384062
0.486649
1.561118
-3.837444
1.388888
1.999399
1.501946
1.105098
0.379070
1.784842
1.284774
1.302869
1.485347
0.731221
0.019328
1.927668
0.355272
0.436939
0.194872
0.572709
0.933524
0.714705
0.701853
2.179172
0.835394
2.163364
1.790849
0.910741
1.634427
1.537340
1.644643
1.534944
1.742584
1.847171
0.467952
2.374563
2.462115
0.808915
-0.726481
-0.679018
-0.043962
1.074937
-0.693469
-0.649419
1.015603
-0.200509
0.123300
0.267482
0.855176
0.466851
0.857929
0.821224
-0.759925
1.280844
1.551743
0.979216
0.623127
1.213903
1.071057
2.652867
0.755890
-0.225976
-0.206131
0.540449
-1.025513
1.123043
0.529532
0.567364
1.259500
0.214997
0.920763
0.856978
0.950583
1.010620
1.008028
0.789414
1.084149
1.743633
1.666044
2.060534
1.474920
0.749077
2.580027
-0.403346
0.951398
1.682874
4.327724
1.886616
0.849820
0.368878
0.073403
0.368132
0.344773
0.477147
0.859733
0.843025
1.140806
1.650073
1.449516
0.500047
1.985204
1.486707
1.294518
2.187238
1.074436
0.280928
1.615987
-0.305256
0.247518
1.260662
0.428631
-0.315366
0.947131
0.776353
1.605707
1.507234
0.738921
0.924717
0.396164
0.548967
0.978261
2.492837
0.561182
1.729408
2.041112
1.770393
2.279236
0.264317
-0.057045
-0.580120
0.548132
0.268828
-0.068863
-0.140784
0.605546
2.696670
4.062985
2.379067
0.516228
0.323004
1.018380
0.333313
0.599148
1.400644
1.948286
1.852899
1.498879
1.919080
1.404016
0.972695
-0.016705
-0.632237
-0.362058
0.672445
0.286692
0.029306
0.531317
0.245708
1.733914
0.722020
0.504440
1.257512
1.474273
1.132525
1.664929
1.294089
1.477847
0.947185
1.680747
1.410217
1.400993
1.442813
-0.322064
0.533910
0.066220
-0.228725
0.192209
1.336544
0.741034
0.580686
0.891600
1.199014
0.594808
1.365981
1.757118
3.199482
4.559149
2.473375
1.211323
2.079469
1.225888
1.670632
2.657163
0.989523
0.228670
0.154545
0.316825
0.683210
0.660691
1.583663
0.159428
0.094259
0.659393
0.327370
0.569896
1.412766
1.147030
1.689204
1.502195
0.349172
1.431798
1.090878
1.551625
4.901821
1.435860
1.369429
2.109465
-0.969651
0.929810
0.041314
0.146046
-0.000632
-0.373931
1.049564
0.943937
1.114240
0.630302
-0.025876
0.907675
1.474831
0.297787
0.717506
0.552225
0.658723
0.590578
2.881648
4.853679
2.828834
1.705367
0.892121
0.220796
-2.344454
-1.318846
-0.525697
1.018163
0.730604
-0.963878
0.246873
0.302931
0.704350
0.171817
1.140265
-0.146926
0.659899
3.297099
1.661258
1.461698
2.233737
2.129230
1.798438
1.201634
-1.868227
-0.317678
-0.022652
0.515889
0.201049
0.646104
-0.091382
1.337564
1.256870
1.045118
1.238878
2.991143
0.813268
0.861442
1.816463
1.280219
1.627033
1.016416
1.411093
1.367373
2.374495
2.076837
-0.358464
0.874473
1.991056
3.597776
1.751720
0.228461
1.228378
0.564067
0.423758
1.248014
1.036378
2.051220
-0.477572
1.644825
1.985867
1.805445
1.698845
1.355532
0.940766
1.238999
2.276123
2.234034
0.143167
-0.899789
0.446727
-1.445964
0.659266
0.207210
0.320714
0.481750
0.118147
0.453386
1.780613
1.609194
0.942024
1.976035
0.251340
1.688605
1.878698
1.162840
1.907543
0.971609
1.431688
1.815081
2.000545
0.227557
-0.964349
0.403202
0.765876
-0.075501
0.101103
0.200004
2.329012
4.022927
2.066219
1.495668
1.316668
0.799759
1.614075
2.154083
0.928729
1.532557
2.521787
1.945038
2.138992
2.196185
2.214669
-0.447325
0.618121
0.319519
0.840546
0.625165
-0.001074
-0.166685
0.738170
2.025238
0.926623
0.544295
1.695807
1.707136
0.212127
1.544414
1.447554
-3.544835
1.651529
1.592892
1.732624
0.796159
2.108704
0.111532
1.293650
0.264038
0.272766
0.362691
-0.069678
0.306453
1.091191
1.882597
1.287569
1.091443
0.331556
0.897428
2.683450
3.504969
2.467408
2.168314
3.678909
1.884276
1.723633
2.349545
0.846133
0.260332
-0.156653
0.460667
0.260074
0.168599
0.949415
0.373002
1.102217
0.573148
-2.547477
1.930429
0.855506
0.659365
0.962378
1.382111
0.943585
2.755089
2.186472
3.211006
2.392736
1.976130
-0.043997
0.493548
-0.299512
-0.902289
1.352277
0.930872
0.447450
-0.787037
1.125288
0.556597
0.991641
0.853386
0.736984
0.758003
0.807405
0.802022
1.287655
2.137845
1.935395
1.494993
4.199244
4.463062
2.311199
0.175967
0.562853
0.023826
-0.073625
0.633654
0.611613
0.221421
0.341688
1.091909
0.944991
1.099800
0.160193
0.630580
1.411424
1.730943
2.380553
0.800594
1.246030
0.773544
1.540723
-0.308219
0.140938
0.187704
0.648503
0.365592
0.134844
0.174168
-0.924050
1.590999
0.835883
0.737309
1.243699
0.928861
0.831460
0.330564
-0.642827
1.133646
0.882844
1.645869
1.787107
1.384829
2.098549
-0.760151
-0.407922
0.458373
-0.210672
0.839985
2.102911
4.274199
1.844678
0.828389
-0.074502
0.708231
1.582788
2.076229
1.545775
0.485521
0.921688
1.255274
2.380730
0.910927
1.131454
1.770811
0.662206
0.870322
0.717091
-0.130426
-0.297986
0.041994
0.203261
0.533191
0.635235
1.127217
0.122662
0.270510
0.556392
0.828870
1.200539
1.372036
0.450018
0.442076
2.808477
0.774463
1.609974
3.084108
0.315398
-0.335483
-0.548614
0.795477
-0.098384
0.681882
0.063920
-0.440962
1.167499
0.895085
1.012601
1.423449
1.601537
3.966848
2.932948
1.454924
1.046546
0.554601
1.522038
-0.564092
1.697052
2.130156
-0.019067
0.477632
0.976062
0.300454
-0.132707
1.474938
0.968106
0.222865
0.517340
1.486807
0.519473
0.471041
1.583918
1.352670
1.921456
1.132083
1.851402
0.943150
1.898464
1.655148
1.885164
1.994762
-0.379515
0.890140
0.610160
0.123841
0.419493
0.902049
0.804330
-0.107335
0.154824
0.522000
1.239431
0.808923
0.945031
3.453810
0.653427
2.041388
2.026511
3.006006
3.326412
4.676278
2.956002
1.226040
0.097771
0.237557
-0.308260
-0.156332
0.580690
0.224647
1.304619
0.460048
0.895499
1.205169
0.935594
0.236054
0.205952
-0.126052
1.638072
1.483046
1.578504
1.548696
1.556415
0.977610
1.020923
1.569656
1.972068
-0.323574
-0.859351
0.458167
0.183724
0.197498
0.542738
0.687363
0.521006
0.224632
-0.148248
0.886271
0.043800
2.788113
1.422260
1.195886
1.657306
1.618486
1.022797
2.254741
0.718267
1.188883
1.491481
-0.365389
0.559626
2.585495
2.117053
0.275260
0.285644
-0.562637
1.288034
1.051343
0.919860
0.202722
0.789117
1.200749
1.122298
1.676161
0.790847
1.402235
1.691622
1.475355
1.787760
1.636232
1.602195
1.461611
-0.119454
0.251287
-0.485113
0.897264
-0.093568
0.976249
0.324088
1.519580
0.686503
0.653831
0.766149
1.817590
1.760362
0.882749
1.901195
1.713327
1.001859
1.333555
1.725130
1.515521
1.752358
1.854075
0.802247
-0.470886
0.727693
0.911378
-0.174133
0.744483
2.410596
4.610160
2.372294
0.841954
1.160161
0.897380
-0.505700
1.101391
1.187682
1.765487
1.046282
1.363861
0.292845
2.596910
0.666555
1.367568
2.501788
0.945533
0.495154
0.370711
0.073812
-0.031804
0.539228
0.317986
0.780735
0.369624
0.601375
0.641501
1.433805
-0.553358
1.910618
1.388905
1.157915
1.626624
1.151411
1.186292
1.988880
1.578331
1.929799
1.133088
-0.073193
0.807634
-0.360751
0.187745
-0.336059
-0.071457
0.622273
0.760748
0.377928
1.282346
-1.196016
4.349931
3.083668
1.707272
1.943167
2.054288
0.552181
1.768609
3.180038
1.694539
1.591626
2.260214
0.652270
0.453641
0.298829
1.991983
0.656063
0.653018
0.326695
0.828594
0.023016
0.501210
0.679973
-0.110497
1.061237
2.302554
3.064193
1.221495
0.894586
0.942653
0.642360
1.585234
1.709816
2.165809
1.822431
-0.267135
-0.475608
-0.117562
0.839550
0.280812
0.112810
0.176116
0.535165
0.420318
0.489858
-1.241346
0.548357
-1.447665
-0.045778
1.498767
2.501714
3.299897
2.532220
1.661706
1.997053
1.930383
1.567816
1.142443
2.347963
2.818417
0.523285
0.933390
0.405546
1.603794
0.560994
1.472207
-0.740821
0.868100
0.921263
2.759320
1.869298
3.309049
0.842583
0.328446
1.761580
1.424227
1.748691
1.588412
2.048348
1.174483
-0.243035
1.551969
1.971606
1.770768
0.743589
0.124420
0.589075
0.093153
-0.154138
0.667323
0.533429
1.794178
1.444339
0.866728
3.921234
3.222952
4.334430
1.887590
1.756799
1.722653
2.729870
4.561719
2.683006
-1.183286
-0.301073
0.388717
2.455208
2.002181
2.081060
0.547440
0.343502
0.613249
0.761137
2.681460
1.089375
0.278820
1.146778
1.795412
2.581680
0.972835
3.025264
1.551518
1.042354
0.253861
2.959126
0.732069
0.061912
0.540131
0.859116
0.509777
2.026948
2.083148
2.102181
0.967385
0.240871
0.272779
0.653082
0.279778
1.252319
0.348167
2.535160
0.721380
2.813720
3.377122
3.254629
3.999047
1.720328
1.740814
0.808963
0.547676
2.526527
3.017188
1.605860
0.949740
0.862652
3.475225
2.385372
1.712864
1.796917
0.327666
1.147276
1.615396
0.555249
1.481949
0.494662
0.869071
-0.144165
2.800954
3.943861
3.460490
1.654631
2.308517
0.103213
0.526210
0.371228
0.388187
0.065040
0.672955
2.441938
3.101117
2.336981
3.749945
0.560010
0.616335
1.020268
1.031920
0.012387
0.893791
1.402662
1.192295
1.450037
2.099028
4.504495
3.603119
1.818974
0.911984
0.478582
1.031162
0.636671
0.564596
0.166544
3.099054
2.209773
2.136360
3.404795
3.260904
0.552955
0.351366
0.680191
0.860999
0.578064
1.334972
-0.074389
0.914036
2.627975
2.814841
2.994317
3.781507
2.031248
0.352988
-0.928833
-0.255473
-1.021041
-1.930061
-0.123741
0.834708
1.066119
4.456244
2.036352
2.977250
2.655367
1.333477
1.421602
1.443774
1.866769
0.242322
1.790954
2.060909
0.951964
1.437780
3.999521
3.205590
3.059389
-0.592762
-1.058820
0.436030
0.357971
0.006086
0.843067
0.412624
2.209270
3.141501
4.757896
3.314676
3.165394
1.004670
0.274280
0.415764
-0.047505
1.421637
0.842279
1.280719
1.774351
0.580485
3.632612
2.840644
1.937145
-0.114152
-0.187030
0.484734
-0.368552
0.118059
0.974846
0.948028
-1.513718
0.605108
1.526743
2.330172
1.604162
1.171412
0.390459
1.472857
1.729689
1.614505
1.250213
1.600458
1.387571
1.617626
3.318486
3.532449
1.647041
0.758462
-0.262363
0.483014
-0.094174
-0.403561
0.900725
1.050355
0.429277
0.985109
3.909644
6.643791
4.223441
0.851806
1.318719
0.809586
1.601313
0.401018
1.117954
0.527097
1.740001
1.933684
2.237467
1.401340
2.080130
0.177905
-0.381425
0.234932
0.048652
1.347722
1.179597
0.870297
0.440177
0.599677
2.107372
2.746302
2.724862
1.290547
1.501457
1.604823
0.752388
0.317515
0.872866
1.350899
0.972727
0.355063
1.865855
1.750252
3.140088
1.236691
1.168240
-0.242377
0.744507
0.848918
0.726910
0.970367
1.033247
0.951801
2.271430
3.346673
5.020201
4.347135
3.001581
1.537503
0.906905
1.231490
1.244809
1.591714
-0.501958
-0.540981
1.840359
2.457135
1.940198
1.067433
0.681000
1.196407
0.469932
0.071050
0.472653
1.503503
0.559529
1.409965
3.165234
2.969050
3.227900
1.397024
1.345814
1.200402
1.577213
2.214593
0.021196
-1.176817
-0.508165
0.753588
2.198419
1.974710
2.814070
-0.092345
0.714851
0.575215
-0.008155
2.348532
1.805521
0.242494
1.247245
1.921793
2.358617
2.989255
2.573057
2.264415
3.601843
3.479354
1.078010
1.355281
0.332751
-0.416622
0.053761
0.073272
0.715694
2.669508
2.520871
0.862928
0.511443
0.482580
0.635492
1.319437
1.609370
3.395020
1.056305
1.431792
4.151605
3.134251
2.752369
-0.450328
-0.662927
0.608046
0.387407
0.109423
0.057369
1.139553
0.607949
0.264920
3.033504
2.596689
3.305227
2.469601
2.034950
1.144254
2.273665
2.649470
0.534215
1.800937
1.896131
-0.509028
2.119315
2.018302
1.328291
-0.570172
1.112625
0.044168
1.828381
3.628850
2.497637
0.148350
1.073505
0.371891
2.528149
3.299828
3.205554
1.668502
1.496004
1.364793
3.124068
1.675560
0.366943
0.638450
0.019069
0.472413
2.129621
1.840782
3.404928
-0.036008
-0.569697
0.502944
0.628084
0.625033
1.235278
0.734671
0.506356
2.811159
5.909298
3.680354
3.166542
1.724422
0.239388
0.157878
1.535782
0.404129
-0.175923
1.686758
0.991815
2.473532
3.293425
2.352463
1.351762
0.528007
1.307940
1.496570
0.820271
1.612764
2.902554
4.545431
3.913649
3.494709
2.165636
1.397064
0.392836
0.274063
0.753957
0.523569
0.207117
0.502277
1.092821
-0.405136
0.427197
1.489682
4.020702
3.884778
1.447069
0.978351
1.038386
2.207269
2.564567
1.590748
1.683345
-0.581375
0.191041
2.257785
2.487872
2.880249
0.820672
-1.917748
0.009428
0.417367
1.039618
0.514147
3.179428
1.038101
0.677672
3.684074
3.527499
3.851569
1.562143
2.121205
2.223493
0.734146
-0.701864
0.479070
0.011844
1.159171
2.336626
5.188047
3.896564
3.451293
1.054353
0.924481
0.284711
1.557953
0.713785
2.574224
1.683227
1.553460
1.251648
2.994977
3.801083
1.968433
0.115389
0.788632
1.559712
0.708362
0.794759
0.708693
-1.371658
1.550032
0.275279
2.871624
3.850502
3.182853
2.477257
1.324015
1.839280
1.796505
2.341387
1.049893
-1.001183
-0.218550
-0.324890
1.834468
2.139444
2.841362
0.265503
0.307695
0.945058
-0.114953
1.454216
1.545592
1.203332
2.183282
1.735642
3.387262
4.727113
4.527773
3.200506
3.089324
-0.317534
0.420991
0.349476
0.470538
-0.087479
0.296672
0.039828
2.037144
2.245544
2.633297
1.124820
0.770077
1.386393
0.651012
1.717197
0.762740
2.728255
2.184232
1.889467
3.415845
1.741205
2.628766
1.469818
0.780554
0.267517
0.588571
0.452370
0.655025
0.928675
1.358532
1.234012
2.221104
3.931651
2.562709
1.306387
0.564446
1.553530
1.607945
1.703410
-0.535595
0.197074
-0.093912
0.053604
2.685260
2.719276
2.192678
3.078010
3.815707
2.198134
1.245666
1.167419
1.347080
1.867868
1.809753
0.960224
2.922317
3.644530
4.087133
1.347737
-0.275469
-0.757428
0.073286
0.230358
0.695303
1.265416
0.311227
0.120569
2.378070
2.897933
2.696441
1.015255
1.793692
0.990276
0.865561
1.513719
2.261977
1.333027
1.735784
2.186649
2.032633
1.840092
1.463080
1.558713
-0.193374
-0.006952
-1.179675
0.253723
0.725360
0.872171
0.493885
1.377037
3.476419
3.461131
3.788623
1.558723
1.523952
3.198530
5.407392
1.365473
1.334426
-0.313844
0.103902
0.542394
1.706660
2.898499
2.180967
-0.118535
1.426904
0.184598
1.067853
1.308459
1.665249
1.310020
1.004823
1.375858
1.361062
2.134017
4.137257
2.444105
-0.178461
-0.608504
0.309917
0.905644
0.793525
1.878521
0.515385
0.796257
-0.318646
3.054842
2.452970
2.834258
1.868927
1.198422
1.421403
0.935223
1.486873
2.324000
0.199939
0.033425
-0.355327
2.201517
1.938976
2.314263
0.408856
0.075613
1.033488
1.798945
2.779947
2.362641
-0.606673
0.918422
1.916848
0.796764
3.704135
3.008150
5.051863
1.861954
0.350764
0.214928
-0.489562
0.173223
0.624197
0.989062
1.026377
-0.107385
2.678216
1.472209
4.452043
1.812973
1.789011
0.370878
1.177660
1.802296
2.071710
0.399967
2.176793
0.899376
0.842401
1.765997
2.276723
1.733021
-1.099256
0.607933
-0.035544
0.529578
0.455274
0.796291
1.384830
0.789570
1.492877
2.953260
3.878104
2.819359
2.826800
1.116820
1.796875
3.889894
0.296626
2.473880
1.225450
0.826370
0.120638
0.485224
3.157762
2.621204
2.393432
0.691740
0.848795
1.069605
0.567007
1.320979
1.112316
1.175266
1.140356
1.832658
3.528130
3.409714
0.511658
-0.253993
0.044513
-0.002238
0.209475
1.874292
0.970535
0.462193
1.767611
1.989352
0.867233
2.739894
3.121096
3.169639
1.358603
1.719623
2.031399
1.675826
1.989362
2.413024
-0.620249
-0.656394
0.942462
1.290608
1.721482
2.452713
0.698036
1.185298
0.760651
2.474125
3.932928
1.980041
0.840969
1.925544
0.669460
0.682039
3.281596
3.750551
3.504035
1.731234
2.076079
-0.067558
-0.071745
-0.188559
0.170380
-0.054152
0.876721
0.719259
0.026055
2.652715
3.215131
3.001394
0.257428
0.993622
0.468943
0.860802
1.162409
1.340380
1.750099
2.003673
2.235729
3.779917
2.434542
2.187403
0.434937
-0.662458
0.012092
0.263349
0.133647
0.381281
0.091400
1.448427
1.433861
1.463005
2.847058
0.189848
4.159190
1.123084
1.076875
3.069424
4.331048
3.101388
1.656360
2.158984
0.399982
0.332234
0.305942
2.299568
1.899786
2.407073
0.497110
0.402278
1.419719
1.057352
2.138666
1.177702
0.851087
0.491280
1.466556
3.122555
4.122912
3.635053
1.428688
1.814973
1.381469
1.191312
-0.883407
-0.039731
-0.507537
0.008533
0.174160
-0.362209
2.900144
2.062239
2.289730
1.072972
1.037648
0.677235
1.188244
1.353445
0.745664
1.158761
2.012932
1.258663
1.368536
3.403667
3.463387
3.779728
1.940463
1.746045
2.370999
1.548161
0.863564
0.149513
0.420212
0.839238
0.323573
0.715523
1.939938
3.540259
2.110163
1.065207
1.188900
1.182108
2.791626
0.642451
1.534004
1.052174
2.248749
1.859109
0.462341
3.398879
0.822307
1.541416
0.545346
0.493406
0.503889
0.170139
0.642260
0.408456
0.813910
1.046417
-0.074734
4.003556
2.086125
2.401498
1.271092
1.144318
0.803543
1.234670
0.704990
1.117402
0.970034
1.687665
2.577441
2.560375
2.222359
2.074848
2.739303
2.945872
2.165571
2.147670
1.890431
0.575356
-0.373162
1.569779
0.298824
1.025208
1.001087
3.742365
1.992668
3.054696
1.388349
1.466499
1.692443
2.144080
2.137349
0.845082
2.273344
0.894771
0.690202
-0.230230
2.384055
1.167490
1.135103
0.400515
0.839676
-0.263160
1.037052
1.207707
-0.111974
0.881516
1.333722
0.309264
0.041542
2.756493
3.945108
3.512242
0.659919
1.186758
1.258842
0.886064
1.428586
0.000570
-0.006256
0.038080
0.446278
0.455878
2.093969
3.012448
6.405236
1.961094
1.422520
1.053357
1.221247
1.526745
2.171914
0.434281
1.561377
1.564707
3.410092
3.629876
2.557339
1.654900
2.321881
2.442829
1.432363
2.105565
-0.268102
0.359621
0.119572
0.509913
0.592867
2.768083
2.681028
2.936257
-0.095715
1.093819
0.733614
0.726314
0.387852
2.109720
1.234098
1.263859
1.548716
1.953990
3.809193
3.318003
3.329035
1.498600
0.523079
0.491596
0.063643
0.407523
-0.123369
0.736129
1.641293
1.369714
2.459655
4.620008
4.590697
4.124326
1.160988
1.555144
0.853233
0.895239
1.666977
1.268043
1.315994
1.706880
1.338387
1.918119
1.263716
4.110409
1.981906
-0.848878
0.457495
0.961195
0.824742
0.226865
1.471543
0.665658
-0.263192
0.664125
2.334586
3.218295
3.544569
0.934941
1.074226
1.493904
1.273373
1.080534
1.894267
1.037525
1.659709
1.865241
1.738727
3.212135
1.954986
1.774270
-0.648557
0.410594
0.648848
0.353954
-0.481738
0.318844
0.688755
0.949393
1.123520
1.902913
4.955572
5.039856
2.780970
2.007866
2.020531
1.608046
2.005237
1.253551
0.964593
1.325573
1.427967
3.553658
3.042892
1.583576
0.839757
0.628980
0.535174
-0.001757
0.676103
0.155924
0.753236
0.184369
1.178355
1.512874
0.485697
3.204393
3.041224
2.806311
0.805078
0.920881
1.032671
1.872079
1.807982
0.777396
2.624629
0.723664
1.734047
1.687269
0.612208
1.187372
1.403222
0.382186
0.114930
-0.022868
0.177877
-0.051308
1.375480
1.316841
0.572318
1.645060
5.750346
4.292600
4.115191
0.689857
1.510263
1.193528
1.028458
1.135528
1.556413
1.567020
1.864643
1.089788
1.182404
2.401830
1.392813
2.398687
0.331576
0.545093
0.011906
0.206824
0.732913
-4.052707
1.211484
-0.356355
0.140893
-0.093209
0.374234
1.941612
3.338623
0.363187
-1.605772
1.287610
1.073531
1.556022
1.708634
3.654420
1.675643
2.898248
2.174203
1.782929
2.548137
0.670279
0.690053
1.104137
0.448237
0.235254
-0.130394
1.388941
0.259056
2.314061
4.176349
4.324915
3.178516
3.740467
0.971940
1.644129
1.978856
1.976543
1.687099
1.604013
1.647298
3.348082
-0.090209
-0.471872
2.349552
2.071977
2.221768
-0.069208
1.227040
1.583102
0.127480
2.914214
0.858015
0.635928
1.708164
0.955434
1.600217
2.469791
2.955974
0.794712
1.260770
1.640301
1.328175
1.574125
1.228493
1.951709
1.437769
1.513414
0.097742
2.362765
1.404386
2.786982
0.085749
1.019474
0.562601
1.774146
0.772671
0.413403
0.774392
2.411570
2.864530
1.834807
2.936420
2.921038
2.505027
2.273973
1.125681
1.758194
1.030899
1.514233
1.562092
1.772159
1.978508
1.825464
2.045735
2.643728
3.217263
-0.093660
0.478177
1.267353
0.134939
1.910909
1.317713
0.136206
0.411801
1.477364
1.330245
2.861321
2.928191
3.025151
1.355006
1.418946
1.702629
0.921404
2.253595
0.789184
1.429444
1.947277
1.950702
-0.123478
1.653801
1.739560
1.659201
-0.047769
0.882357
-0.617912
0.660623
1.153598
0.319892
1.829281
2.860587
1.163428
3.321795
4.091964
3.044953
1.476716
1.162499
2.069565
0.881586
0.470876
1.133950
1.468806
0.895202
2.129287
2.091490
1.837989
2.821521
1.923821
-0.142403
1.201413
0.552049
0.503790
1.124477
-0.999446
0.708441
1.434713
3.299231
1.178155
2.595876
2.429909
3.873761
-0.373032
1.820029
2.072073
1.038719
0.333113
1.206869
1.531834
1.704802
0.559727
2.186481
2.043575
1.999200
-0.812552
0.463650
0.883300
0.892792
0.882581
0.886851
1.749926
3.047305
2.367874
0.928927
2.816934
3.108870
3.207052
1.607210
1.829814
-0.671382
1.552827
1.897004
0.934225
1.134277
1.327803
-0.326871
-1.408444
2.040663
2.367671
2.185952
1.383947
0.572949
0.572555
0.107690
0.539997
1.259020
0.907152
0.435052
0.961376
2.834395
3.563694
2.090076
1.716293
2.364913
1.165263
0.018248
1.638868
1.794784
2.123505
1.935737
-0.043485
-0.555710
2.107180
1.781068
2.344470
0.132846
-0.236642
1.087230
0.615675
1.616441
1.571112
2.755764
1.809695
1.046887
0.991466
3.774389
3.770688
1.291540
1.885144
2.079180
1.019047
0.760794
3.049753
2.151598
0.084863
0.195424
1.013665
1.867228
2.084352
2.646044
1.518666
-0.164969
1.100509
0.495537
1.863241
1.085229
-0.307156
1.756418
1.610030
1.479304
3.448971
2.767620
2.010892
1.868523
1.446808
1.204159
2.016196
2.675645
1.454349
0.336952
-0.208722
1.350874
1.610639
2.266701
2.924618
1.087645
0.079458
0.430522
-0.912141
-3.044342
1.119931
3.101152
2.578611
1.122477
1.062895
2.939307
3.104364
2.824565
1.174697
2.108326
1.380945
1.932519
1.643548
1.176933
0.230860
0.143975
0.758687
3.083764
2.334082
2.735333
0.803526
0.916846
0.233544
1.163074
0.647315
0.851493
0.409733
1.848259
1.018828
1.711089
2.363653
3.152642
2.843063
1.782797
1.133347
1.630391
2.221422
2.990471
0.235594
0.155017
-0.610832
0.393985
0.514834
1.929141
1.188362
0.774258
0.510289
0.158620
1.340957
1.197748
2.349348
0.069372
1.456933
3.647296
1.296267
3.526021
2.645060
3.895284
1.537159
1.248312
2.196002
1.554321
0.333446
1.007731
-0.397519
0.019969
-0.139323
0.045029
2.177139
2.757554
3.230900
1.016651
0.309764
0.367873
1.440000
0.643855
2.707614
0.755821
2.280333
1.372285
2.903475
3.014607
3.391756
4.427530
2.408085
1.750345
1.086405
0.094106
0.534168
0.731859
-0.048047
3.369820
0.090828
2.396353
2.287764
2.783829
1.008133
0.470301
-0.204013
0.630940
1.333831
-0.030662
3.365277
0.574511
1.377995
2.017710
3.578798
3.243088
2.516382
1.390346
1.867482
0.241578
1.357083
0.192035
0.665247
-0.512138
0.864541
0.346105
1.928164
2.008222
2.960009
3.676708
1.763852
1.165596
0.108968
0.347369
1.708499
1.019309
2.547038
1.899843
0.784820
3.453899
3.724373
3.403718
1.838057
-0.258011
-0.390176
0.362943
-0.384754
1.460983
-0.088636
-0.186563
0.645723
-0.517081
2.863983
2.780354
2.200429
1.446815
0.675515
1.285474
2.148268
0.912947
1.279005
1.175496
-0.966793
1.608154
1.923424
4.198788
3.478688
1.791474
-0.132563
0.511042
0.662139
0.168381
1.213990
0.488011
8.015689
1.177329
0.650798
2.643881
3.522508
1.818409
0.945736
1.478805
-0.334907
1.294029
2.505879
1.800685
0.689586
2.077307
1.018847
1.598765
0.807621
2.187522
2.438534
0.271074
-0.505064
0.140041
2.053112
0.635582
1.730747
0.689052
0.214389
0.676562
1.498916
2.722265
3.252434
2.544954
0.342994
1.061563
2.252751
1.689519
1.904966
1.654997
1.720636
1.849254
0.866655
-0.116673
2.873622
2.289087
2.212430
-0.166131
0.374145
1.267476
1.008890
1.087617
1.227436
0.816534
1.234663
0.702325
1.322271
2.335329
2.802568
2.030376
1.298682
1.419181
0.333026
2.544648
2.191198
-0.561352
-0.340994
-1.597226
0.019252
-0.199164
1.965045
2.146258
1.917732
0.120236
0.591375
-0.362464
0.700556
0.333358
1.168807
1.005187
2.411678
1.605737
2.733005
1.792468
3.827870
1.940809
1.589967
2.587461
1.201310
0.681047
-0.097385
-2.514808
-0.729672
0.298815
2.326923
2.179873
2.036037
2.301935
0.793071
0.706171
0.056460
0.929477
2.679383
1.510740
0.701399
1.476141
1.976562
-0.064019
2.806001
3.040137
3.099810
1.229116
0.045006
1.123944
-0.439389
0.514016
0.922029
1.810953
-3.077271
0.832171
0.201363
2.815450
2.310632
2.013895
0.815229
0.640069
1.898430
2.604080
1.218301
0.972727
0.990722
1.348681
2.573585
2.009148
3.896335
1.403127
2.398176
1.739005
0.353438
0.419738
-0.324819
0.554265
-0.554333
0.238146
0.599078
0.471711
0.444889
0.171626
1.951373
3.045815
3.341744
1.671155
1.700041
1.224044
1.494475
1.936628
1.766570
2.073967
0.448791
-0.731415
1.281204
1.866896
2.209602
2.893817
0.645275
0.411896
0.425697
0.719773
1.992635
0.212038
0.115187
0.742439
0.929609
0.115568
3.402722
3.159437
5.203143
1.917656
1.590685
1.277982
1.852369
0.911783
0.975729
1.035561
0.370007
1.807064
1.282424
1.839774
2.208346
2.891683
1.021427
0.394943
1.400365
0.917853
1.083950
1.189390
1.482261
1.383791
1.721869
2.278936
1.861963
4.622892
4.210157
3.511890
-0.346535
0.622157
-0.254959
0.808021
0.579047
0.606036
1.381418
0.529533
0.599464
0.413482
3.709061
2.109780
2.238633
1.317348
0.968717
0.630299
1.867962
1.203866
1.218365
1.601814
1.969136
1.819990
2.362152
0.329370
2.910336
1.290510
1.730141
1.345381
0.345123
0.371647
-0.142279
0.699943
0.381636
0.826674
0.884202
0.288853
0.981064
2.618195
3.229854
3.082991
1.142834
1.355194
1.114497
1.257890
2.130470
1.725679
-0.709758
0.120533
1.494792
0.699447
0.132270
3.873531
3.015634
2.664052
1.240111
0.926605
0.686627
1.237427
1.902009
1.111799
0.942817
0.909462
1.543306
2.470822
1.207174
4.073924
3.655677
4.388530
0.414768
-0.164718
0.466625
0.801510
-0.442458
0.119338
-0.301398
0.011113
0.129975
1.313125
0.527128
3.275884
1.981942
2.930352
1.574260
0.250928
1.091236
1.321958
2.300904
2.104609
0.290272
1.626769
-0.475187
0.338458
-0.161014
3.269410
2.268271
2.293293
0.934979
0.824011
0.079784
0.381733
0.719649
0.892889
1.179186
0.880868
1.532050
0.297547
1.687368
2.873678
3.714627
3.704142
1.998802
1.201074
1.268112
-2.461693
0.485803
0.703777
0.222725
-0.375524
0.106445
0.988907
0.315633
1.041196
1.429026
2.344858
3.453225
0.342804
1.131167
1.504397
1.860610
1.148912
1.098890
0.687229
0.824201
2.592537
-0.239063
0.516849
2.885347
2.164408
2.010670
0.195594
0.050079
0.475552
0.329581
1.543776
-0.451845
-0.049343
1.195163
2.146961
1.050468
2.123207
2.796102
3.411900
3.241308
1.774278
1.887382
0.089298
-0.609598
-0.530744
0.231686
-0.140305
-0.750837
-0.627239
0.257875
0.284107
0.524693
3.432510
1.961998
2.699221
-0.087848
1.095710
0.468174
1.097763
1.748265
2.134153
1.397332
0.763814
2.227808
0.840362
-0.156790
-0.052755
2.691215
0.944079
1.484978
0.031326
0.053450
0.744970
0.770622
1.357506
1.172206
1.938451
1.872019
-0.562899
0.979512
0.958931
1.542702
2.879056
3.134871
3.324637
-0.250439
-0.786550
-0.385033
-0.390084
0.817983
0.694353
1.484918
1.806084
1.287426
1.101290
1.298018
1.659220
2.265128
3.030471
3.307184
2.445468
1.469841
3.190207
1.275444
0.545871
2.482898
-0.707905
1.664394
-0.007035
0.417858
0.913211
2.096503
1.086525
2.306989
2.427225
3.867395
-0.640569
0.946793
1.127155
1.749700
1.815750
1.652658
1.517824
1.911057
1.306107
1.715785
1.333271
-0.095671
0.608630
3.504369
2.119278
1.282926
0.598875
0.039859
0.619881
0.307229
0.385138
1.344142
0.759485
2.445907
-0.335886
-0.329923
1.336389
1.726625
2.955733
3.311665
3.777103
1.549795
0.164210
1.383199
0.137701
0.547729
0.503576
0.482687
0.705774
1.542876
0.875655
0.921774
1.354720
0.943759
3.025794
3.119893
2.648862
2.417544
1.448306
1.682187
1.747118
1.717225
1.316562
1.371459
0.509994
0.207160
-0.059994
-0.172321
1.028585
-0.088721
2.076255
3.423143
2.530251
0.540932
1.200255
1.086457
1.735588
0.943021
0.967768
2.488840
0.240039
1.373444
1.566388
1.284389
-0.126502
-0.165361
2.046021
2.063614
2.752217
-0.956758
-0.762013
0.865608
1.270367
2.361415
0.517251
0.998317
0.221071
1.756271
1.301457
1.603069
1.971335
1.415163
3.408753
2.646541
4.607970
-0.059248
0.102757
0.622556
0.992051
-0.029882
0.381197
0.558853
-0.698706
0.324943
0.488940
0.165443
0.849732
0.453653
2.321416
3.393995
4.266946
1.652118
0.995998
1.675060
2.144407
1.710706
-0.115014
-0.164735
0.878329
1.333397
0.498211
4.003094
0.439049
0.423679
0.973885
2.819667
2.778492
2.767147
1.326522
1.407050
2.025563
1.251117
0.917513
1.758069
1.780728
2.364890
-0.599055
-0.423335
1.229666
-0.302989
0.095616
2.138477
1.117032
3.234572
0.406639
1.816347
1.256721
2.626789
1.325061
1.293787
0.844902
1.624528
2.103125
0.789041
1.498778
1.551492
1.838075
-0.183915
1.606537
2.046307
1.483970
-0.937887
0.336498
0.568058
0.494466
-0.378326
1.741747
0.195294
0.835713
0.671032
0.622553
2.605973
1.412657
1.486800
4.220332
2.534039
2.757614
1.847815
-0.300327
-0.294516
0.103726
-0.130436
0.250324
0.357620
0.956330
0.409356
-0.900175
1.963175
0.413237
1.353372
0.537044
2.855562
2.376057
3.172687
0.632852
1.193470
1.117402
2.546245
-0.692685
0.402415
-0.029857
0.392834
0.319811
0.362614
1.175440
0.573994
-0.087000
0.851673
2.031652
2.831707
2.703683
1.587084
2.179426
0.936126
1.715225
2.571706
0.953478
2.909775
0.784231
0.259196
-0.040636
-0.705462
-0.061091
0.420868
0.601292
2.843974
2.537711
1.662441
1.324296
3.374390
0.985868
0.966558
1.736644
-0.069630
1.956510
0.684299
2.246414
1.779484
2.336992
0.445984
0.283063
0.469460
3.314555
2.174217
2.167527
2.834516
0.156008
2.084636
0.198282
1.164648
0.672915
0.742429
1.276950
2.100873
1.404023
1.262937
1.747330
4.070656
1.380713
-0.133675
1.935872
2.191006
2.483347
0.539743
0.381417
0.644182
-0.051835
0.090013
-0.321223
-0.067703
0.555382
1.385386
1.517185
1.068246
0.052439
1.073935
2.764133
3.401904
3.724234
3.268700
-0.349808
0.356241
-0.090957
0.358432
-0.486639
1.115899
1.067889
1.043182
0.578351
0.226277
0.962317
-0.148813
2.061227
0.978046
2.361100
2.004546
2.859547
2.142597
1.262734
2.515735
1.876050
-1.412182
-0.803976
0.229170
0.316972
0.899471
0.154788
0.902300
0.848956
-0.723639
0.889731
1.766022
2.398641
4.079281
2.878763
1.328302
0.334453
2.153578
1.660181
1.014739
2.140674
1.009337
0.397761
-0.470462
0.422529
0.180246
0.589292
-0.316646
0.463524
2.947876
2.170633
2.574383
0.328565
0.288727
1.656998
-1.020308
1.188944
1.752493
1.084533
1.226178
1.655152
0.972699
1.530217
-0.262520
0.871389
0.244700
2.488418
2.602529
0.823191
2.387773
1.457108
0.453764
1.049496
0.422852
0.688874
1.749718
0.286365
1.392257
1.647549
1.191763
1.939327
2.136856
1.245942
1.538685
2.208600
1.567236
1.952629
-0.942520
1.382411
-0.098107
0.968453
-0.411380
0.286994
1.541130
0.721094
2.653423
0.183323
0.829512
1.226523
1.325191
1.058714
2.419909
3.401088
2.987454
3.117713
0.496488
0.588358
0.602344
-0.166488
-0.452900
0.942557
0.909960
-0.328704
0.987972
1.496383
1.211164
1.540851
1.767378
1.852798
1.761790
2.724019
2.826281
1.361601
0.685368
0.609530
1.263734
2.184133
1.557748
-0.464860
1.682190
0.263968
-0.063543
-0.146727
0.383590
0.393138
0.760131
0.762994
3.052112
2.783058
2.112339
0.734267
1.702671
1.020534
1.329348
0.250481
1.708205
0.682118
1.367912
0.252942
2.362150
-0.068333
0.308636
0.637639
0.549955
0.719740
2.259416
2.576121
2.005647
0.571830
0.867182
1.382170
1.332542
1.098609
1.289436
0.607223
3.609227
1.107097
1.635465
1.788204
1.415619
1.014642
2.473202
3.563633
1.631206
1.794250
2.956831
-0.028159
0.102167
0.776300
0.989040
0.302042
0.175258
0.335662
0.072996
0.506501
0.734727
-0.684431
1.345465
2.114426
0.747307
3.544725
2.874867
3.231573
1.817564
2.035545
1.251621
0.453741
-0.043794
1.031841
0.098797
1.600298
-0.804632
0.434340
0.810042
0.823849
-1.660367
0.260164
1.030356
3.107289
2.582214
3.256261
1.568983
1.520302
1.798050
1.646045
1.790775
2.689476
1.949982
1.305196
0.215282
-0.517714
-0.231274
1.192472
0.934295
0.443941
0.804758
3.229661
2.269003
3.247264
0.694604
1.387101
0.712519
-0.648972
2.489189
0.954511
0.291976
1.001455
1.925834
1.926945
2.381807
1.109435
1.463069
2.342032
3.273269
1.734105
1.504146
1.987204
0.139978
0.012242
-0.091707
-0.339501
0.183637
0.561096
0.511733
-0.039998
0.944701
0.647802
1.580077
1.327347
1.613115
1.427194
1.581725
3.068505
3.704882
3.303930
2.260725
2.103102
1.886851
0.220113
1.027538
0.599780
2.156432
0.680836
1.367405
0.877495
-0.167980
-0.180347
0.023965
0.972851
0.595071
2.718082
1.377458
3.345156
2.358123
-0.355551
1.824418
1.709455
1.450094
0.135360
2.593578
1.340956
1.532958
1.384121
-0.058779
0.130070
0.399975
1.017067
0.615880
0.903214
2.839659
2.448081
0.782219
1.010477
0.409085
0.856085
0.842480
0.417717
1.440507
0.189550
1.137612
0.921580
1.519688
0.796795
0.959097
2.404174
1.911017
1.296621
2.958471
3.717843
0.943775
0.443703
-0.054968
-0.005201
0.365037
0.298059
1.485977
0.662977
1.882336
-0.660668
-0.006679
1.042534
2.106827
0.712389
1.313963
1.033763
2.980149
3.253704
3.155717
1.408812
2.887112
1.753342
1.117734
3.073261
1.424878
1.452889
-0.471253
0.157366
-0.215170
-0.247296
1.022193
-0.124977
0.067081
0.761450
2.445322
1.481740
2.487383
1.750737
1.457944
0.748240
0.504836
0.061329
-0.591169
0.660408
2.565908
0.725403
0.996855
1.080082
1.739772
3.821539
1.893254
2.728514
2.230024
1.375917
1.749235
0.761563
0.041460
1.143516
0.544227
0.552792
-0.205177
1.042374
0.226304
0.754562
0.906308
1.536660
1.437992
0.836497
1.418889
1.228035
3.142968
2.821420
2.770032
1.037544
0.561286
1.242261
1.878234
1.904805
2.273065
-0.481837
-1.077906
-0.458130
0.345597
0.081706
2.943799
1.231982
-0.611193
0.184807
3.005310
2.411888
3.250076
1.912241
0.273916
0.932918
1.458360
1.106592
1.365799
0.709787
3.329131
1.088931
1.809963
0.874099
1.785948
2.099697
2.009602
2.299566
3.255074
1.959303
2.228907
-1.523441
0.624011
-0.310970
1.096087
0.715313
0.861940
0.576571
0.702389
0.602406
-0.189930
0.985771
0.644892
0.934266
0.403692
0.919799
3.064451
3.335913
3.748172
2.822175
2.462227
0.918815
2.061060
2.052545
1.194001
1.529058
0.494101
0.611016
-0.039255
0.121671
-0.192328
0.573559
-0.160437
0.121802
-0.266012
1.937177
1.666732
2.674983
0.171141
0.521346
0.895926
1.458661
1.603069
1.366429
1.364100
0.994038
1.016419
1.308082
0.209022
-0.750457
1.354080
1.378301
1.029696
3.296415
3.085222
2.262804
0.024559
-0.291507
-0.762310
0.581935
0.172283
0.355180
0.848959
1.643317
0.704746
0.255966
0.926812
0.782763
1.460512
-0.209610
0.820298
2.399955
2.466150
3.973675
0.952974
1.992933
1.368668
1.937889
1.925589
1.132875
1.382127
2.053896
-0.291751
-1.043791
-0.180050
0.104488
-0.153770
0.524181
0.350449
-0.110263
2.225527
2.815132
0.738956
-0.271996
0.632614
2.027890
2.004260
1.190428
1.173750
0.838936
0.658660
1.046216
1.105194
-0.810788
1.837779
1.630413
0.894014
1.999297
3.065133
2.814512
1.631580
-0.347877
0.211722
2.142794
0.327382
0.879974
-0.055629
1.295525
1.161375
0.499439
0.554149
1.149043
-0.344789
0.552056
1.267651
0.559618
1.206580
2.995174
2.585933
3.011145
1.028814
1.039829
1.698562
1.508699
0.777951
2.185571
3.046066
1.569567
-0.280785
1.242802
-0.011212
0.517693
-0.200700
0.288587
-4.020245
2.869252
2.612068
2.368728
2.600093
-0.076640
0.200166
1.364932
0.460315
-0.951579
1.066145
1.259197
1.271627
1.615386
2.756631
2.039639
1.601845
2.488647
1.900847
2.183130
0.757377
0.646444
1.184736
0.556699
0.193533
-0.320114
0.267161
0.190191
0.792390
0.595224
0.497054
0.418821
0.781744
0.631518
1.992488
0.665195
0.478401
1.511766
-0.261570
3.057965
3.693156
3.084887
1.158675
1.908053
1.413174
2.588963
1.646627
2.209426
1.264229
-0.783110
0.652445
0.565203
1.048465
0.104442
0.577479
0.415252
0.222800
0.805768
2.272991
1.826715
2.345966
1.152117
1.791175
1.955360
1.691216
0.744012
1.705713
1.300257
1.583043
1.501111
0.932167
1.528032
1.641301
0.505404
0.952328
0.049820
0.496070
1.363356
2.837844
1.542102
0.592929
0.508397
-0.191498
2.268241
-0.006987
0.761604
0.316635
-1.085197
0.263054
1.262255
1.562712
0.913835
1.443316
1.291569
2.690111
2.407828
2.953446
3.304429
1.192729
1.770543
1.245926
-0.985516
0.324324
0.395360
-0.626738
1.103350
0.218598
-0.051480
0.413818
0.292998
0.160848
1.574435
0.064362
0.520461
2.994324
0.483795
3.161145
-0.663135
1.203667
0.416982
2.106183
-0.311355
0.612956
1.472472
1.964713
1.751680
-0.174146
0.585551
1.193982
0.170232
1.033494
-1.436375
0.325883
2.375233
1.958396
2.129462
1.336636
1.066434
0.855432
0.884727
1.297334
1.491157
1.372446
1.198763
1.579767
1.392915
2.093990
1.861950
1.704699
1.543241
0.357269
1.980543
-0.823410
0.495730
-0.422798
0.133360
0.879055
0.973129
1.003819
0.956599
0.445709
0.633622
1.083500
1.377502
0.617561
0.616812
3.435234
2.346600
0.776282
1.369738
3.968637
3.352190
4.387088
0.145552
-0.712192
-1.384237
0.647010
0.230223
0.404841
2.251486
-0.197110
0.514821
0.982242
0.879480
0.693915
-0.559061
0.441264
0.267380
1.495732
2.982394
1.206043
3.094593
0.698931
1.988034
1.588437
0.518217
-0.333172
-0.102015
0.577393
0.235314
0.226961
0.790291
1.119899
0.329131
0.705689
1.039093
0.421096
1.937458
3.235828
4.677109
2.753907
0.289526
1.694706
1.067540
1.413630
2.326176
1.867183
1.819429
0.371398
-0.177627
1.410696
0.515087
-0.300512
0.667609
0.880045
0.557461
0.853071
1.330915
2.582111
2.801972
-0.610894
1.865094
0.066567
0.956904
2.332168
1.256133
1.127142
-0.757048
1.742482
2.337765
0.292400
-0.579299
-0.186182
-0.480281
0.793428
0.925620
2.009065
2.627850
3.217796
0.327565
1.389422
1.280313
0.219614
0.750230
0.948152
0.438022
1.022377
0.907876
1.502580
1.666859
1.448332
0.034669
0.962084
-0.510427
0.066864
2.052916
2.045610
1.863505
0.452766
0.096574
0.352577
1.188111
1.130463
0.937922
0.919811
0.840964
1.639203
1.568325
1.149075
0.464692
2.092014
-0.066974
-0.626229
1.893307
3.258048
1.701722
2.099080
-0.219526
0.262899
0.397086
1.029438
0.736301
1.277233
1.444156
0.070042
1.242145
1.331068
1.594569
2.612533
1.704233
1.964942
0.061120
0.515752
1.084607
1.707329
2.783947
1.682638
-0.082111
1.609846
1.022915
0.750239
0.106572
0.601355
1.931313
1.340895
0.911752
0.983795
0.384879
1.486158
1.675609
0.224384
-0.381342
0.062156
1.716323
4.169175
2.204886
0.539154
1.359142
2.464470
1.910040
1.255236
1.348809
1.101421
1.730167
1.142031
2.431513
1.767174
1.411781
2.037224
-1.067007
0.025310
0.279606
2.188574
1.941466
1.737701
0.707212
1.026969
1.175315
0.747256
1.360958
2.011871
1.965900
1.049454
1.360293
2.232975
2.125082
2.249449
1.011882
-1.321405
0.387013
0.343693
-0.077753
1.843324
2.238031
2.102478
-0.955792
1.380760
2.341333
1.395335
1.974280
1.403217
2.255962
2.333227
2.041258
1.974158
0.308000
-0.000311
0.075911
0.946428
0.850887
0.585706
2.301131
3.314723
1.980027
1.102535
1.113225
1.687615
2.072180
1.038800
1.847510
2.353642
1.981517
2.424950
-0.554424
-0.530079
0.926956
0.155294
0.090732
-0.179907
0.432198
2.395284
2.597320
3.352478
1.995392
1.116914
1.703766
1.716440
2.007667
1.109522
0.651627
-1.947392
0.606586
-0.103528
-0.319512
1.010992
1.037733
0.689617
1.681853
0.140469
0.381216
2.565218
1.844374
2.872745
0.276658
1.732983
1.829755
1.755310
0.082727
0.569503
0.365171
0.313655
0.493273
0.847285
0.953871
2.105643
0.527949
2.044458
1.529795
1.268047
3.213809
3.014582
2.863418
1.525195
-0.077721
0.394279
-0.698158
-0.156748
0.291773
0.400983
0.889621
0.301878
0.743606
1.134742
0.691802
1.663959
-0.270412
1.890089
2.141761
2.786795
1.389675
3.204180
0.852010
-0.088041
1.207386
0.342504
1.216864
0.005232
0.551480
0.568849
1.443140
1.440973
2.699218
1.259736
1.984334
1.164724
0.095825
-0.179046
0.595491
2.174568
2.943300
3.252563
0.644852
0.516020
1.309926
-0.323206
0.753516
1.023426
2.690892
1.756019
1.418945
1.156991
-0.667488
0.127305
-0.291062
0.544494
0.429841
0.807677
3.974352
2.526276
1.918595
1.145259
1.291067
1.700890
2.698821
2.473927
1.686345
0.062829
-0.690254
-0.546012
0.256463
0.128641
0.780395
0.047647
0.905243
1.133653
2.128244
0.695087
4.156114
2.769942
3.087155
2.867890
1.731485
-0.240486
-0.054657
0.649445
0.412810
-0.178820
0.738157
0.205560
1.842378
-0.376975
2.010664
-0.026846
2.374154
-0.171713
1.230411
4.030653
2.350487
0.733474
2.912516
-0.003900
0.780490
0.270597
-0.677093
1.673819
0.860492
0.794390
0.639030
1.060226
1.091428
2.195797
0.690295
0.196692
0.204672
0.575253
0.333642
2.399642
1.551886
1.696827
0.389446
0.350729
1.791958
2.268299
1.300746
1.657421
1.734882
-0.090154
0.033736
1.740044
-0.065353
-1.857171
1.322828
0.992606
1.151358
1.090636
-0.837098
3.882119
2.714526
3.178925
1.400390
0.397675
0.835109
0.185745
0.934958
1.958937
2.139519
0.921669
1.044525
1.376666
0.789291
2.965068
0.924153
1.651447
0.602444
1.365863
1.087057
3.763906
1.449627
0.014031
0.413647
-0.128392
1.250815
1.598238
0.850296
